Starting from init...
starting....

Errors:>>

XXXXX-----XXXXX
kid: [ 0.00000000e+00 -1.45799022e-12 -2.28980078e-13  4.62010753e-11
 -1.75214813e-10 -1.83669770e-15  8.52944060e-16  2.29423303e-05
 -2.04721003e-06 -1.59792834e-08  9.98214034e-10] train error: 13510723304.19212, validation error: 368296592820.6967

kid: [ 0.00000000e+00 -3.76830665e-01 -2.28980078e-13  4.62010753e-11
 -1.75214813e-10  6.71473723e-02  8.52944060e-16  1.25072320e-01
 -5.98048249e-01 -1.59792834e-08  9.13662377e-01] train error: 1.654446187878397e+39, validation error: 1.684075648540727e+39

kid: [ 0.00000000e+00  1.81068289e-01 -5.16834246e-01  1.14694394e-01
 -1.75214813e-10  1.64630595e-01  8.52944060e-16  2.29423303e-05
 -2.04721003e-06 -1.53152959e-02  9.98214034e-10] train error: 9.936575557529666e+39, validation error: 1.0111523373340322e+40

kid: [ 0.00000000e+00 -1.45799022e-12 -2.28980078e-13  4.62010753e-11
 -1.38713072e-01  2.77208908e-02 -3.61315511e-02  2.36129143e-01
 -2.04721003e-06 -1.59792834e-08  4.34713439e-01] train error: 2.8201152251089268e+38, validation error: 2.870750985500863e+38

kid: [-5.78321996e-01 -6.42807397e-02 -2.28980078e-13 -5.80264995e-01
 -1.31142086e-01 -1.83669770e-15  8.52944060e-16 -3.04985025e-01
 -2.04721003e-06 -1.59792834e-08  9.98214034e-10] train error: 3.3250088363064505e+21, validation error: 6.497888392737256e+21

kid: [ 0.00000000e+00  1.76393610e-01 -2.28980078e-13  4.62010753e-11
  7.30875722e-01 -1.83669770e-15  8.52944060e-16 -1.13614773e-01
  1.64012482e-01 -1.59792834e-08 -3.64260586e-01] train error: 6.019536068616807e+31, validation error: 1.1388156978465717e+32

kid: [-2.73136257e-01 -6.08510759e-02  4.54824116e-02  4.62010753e-11
 -1.75214813e-10 -1.83669770e-15  8.52944060e-16 -3.69921435e-01
 -1.11507991e-01 -1.59792834e-08  9.98214034e-10] train error: 1.1661214621720505e+24, validation error: 2.275785578688148e+24

kid: [-5.45479995e-01  3.73023268e-01  3.34603356e-01  4.62010753e-11
 -1.75214813e-10  1.98889930e-01  8.52944060e-16  2.29423303e-05
 -2.04721003e-06 -1.43698677e-01  9.98214034e-10] train error: 1.4502433343041775e+40, validation error: 1.475776545267835e+40

kid: [-6.16504680e-02  6.39663547e-01 -2.28980078e-13  4.62010753e-11
 -1.75214813e-10 -1.83669770e-15  8.52944060e-16 -4.23610566e-01
 -2.04721003e-06 -9.08154655e-03  4.39931140e-01] train error: 8.77610627253364e+31, validation error: 1.6602942315914124e+32

kid: [ 0.00000000e+00  3.58981359e-01 -5.89453550e-01  4.62010753e-11
 -1.34959978e-01  2.88989224e-01 -2.97704766e-01  2.29423303e-05
 -2.04721003e-06 -1.59792834e-08  9.98214034e-10] train error: 3.0618153525534646e+40, validation error: 3.1157231825815937e+40

kid: [ 0.00000000e+00 -1.45799022e-12  1.06365940e-02  4.62010753e-11
 -4.03254101e-01  6.45463147e-01  3.35103185e-01  2.29423303e-05
 -2.04721003e-06 -5.38146807e-01  9.98214034e-10] train error: 1.5274187897796664e+41, validation error: 1.5543106847713636e+41

kid: [ 3.65055525e-01 -1.45799022e-12 -2.28980078e-13 -3.27418408e-03
  2.33670665e-01 -1.83669770e-15 -6.55426656e-02  2.29423303e-05
 -2.04721003e-06 -1.59792834e-08  5.14957438e-01] train error: 1.2034976111037168e+32, validation error: 2.2768674846958495e+32

kid: [ 3.81171694e-01 -1.28761672e-01 -2.28980078e-13 -3.93109477e-01
  3.27290986e-01 -1.83669770e-15  8.52944060e-16  2.29423303e-05
 -2.04721003e-06 -1.59792834e-08 -8.81374767e-01] train error: 3.5255249353543054e+32, validation error: 6.66985378035183e+32

kid: [ 0.00000000e+00  3.65579652e-02 -2.28980078e-13 -1.76329821e-01
 -3.80727951e-01  1.64810544e-01  8.52944060e-16  2.29423303e-05
 -3.47869459e-01 -1.59792834e-08  9.98214034e-10] train error: 9.9583104377852e+39, validation error: 1.0133641154239403e+40

kid: [-8.24819457e-02 -1.45799022e-12 -2.28980078e-13 -2.46654287e-01
  3.84946139e-01 -1.83669770e-15  8.52944060e-16  2.29423303e-05
  5.23738949e-01 -2.26812932e-01  9.98214034e-10] train error: 9.025344784878618e+27, validation error: 1.723843393127801e+28

kid: [ 0.00000000e+00  2.24850814e-01 -2.28980078e-13  4.62010753e-11
  4.82011759e-01  4.20404602e-01  8.52944060e-16  2.29423303e-05
  9.63942052e-03 -1.59792834e-08 -3.76953065e-01] train error: 6.479263504113567e+40, validation error: 6.593211391263732e+40

kid: [ 3.97900642e-01  3.00983217e-02 -5.27272074e-03  4.62010753e-11
  8.99559988e-02 -1.83669770e-15  8.52944060e-16  2.29423303e-05
 -2.56650196e-01 -1.59792834e-08  9.98214034e-10] train error: 5.439349882701775e+24, validation error: 1.0545631395139056e+25

kid: [ 0.00000000e+00  1.43115722e-01 -1.97356992e-01  4.62010753e-11
  5.19462938e-01  1.34137794e-01  8.52944060e-16  2.29423303e-05
 -2.04721003e-06 -3.68484478e-02  9.98214034e-10] train error: 6.596565288881796e+39, validation error: 6.712706824513356e+39

kid: [ 0.00000000e+00  2.68228469e-01 -2.28980078e-13  4.62010753e-11
 -1.75214813e-10 -3.40942777e-01 -3.01804885e-01  2.29423303e-05
 -3.95934772e-01 -1.59792834e-08  3.31161909e-01] train error: 4.2613935143084754e+40, validation error: 4.336329691208707e+40

kid: [ 0.00000000e+00  6.62219276e-01  1.51740368e-01  4.62010753e-11
 -1.75214813e-10 -1.83669770e-15  8.52944060e-16 -3.77939019e-01
  1.84845420e-01  5.99714380e-02  9.98214034e-10] train error: 7.78290802239338e+26, validation error: 1.498005464339885e+27

kid: [ 0.00000000e+00 -6.96523444e-01 -2.28980078e-13  4.62010753e-11
 -1.75214813e-10  1.54830194e-01  8.52944060e-16 -3.96190604e-01
  2.03966675e-01 -1.59792834e-08 -7.00821960e-01] train error: 8.786196751378531e+39, validation error: 8.940006334998592e+39

kid: [ 0.00000000e+00 -3.79983616e-02 -2.28980078e-13 -6.06023308e-01
 -1.75214813e-10  2.53746761e-01  8.52944060e-16  2.29423303e-05
 -2.04721003e-06  7.04150718e-02  1.00184930e-01] train error: 2.3606297080458806e+40, validation error: 2.4022131534761824e+40

kid: [ 1.09265813e-01 -1.03160842e-01  2.60946119e-01  4.62010753e-11
 -1.75942326e-01 -1.83669770e-15  8.52944060e-16 -1.08829268e+00
 -2.04721003e-06 -1.59792834e-08  9.98214034e-10] train error: 4.233289993798515e+22, validation error: 8.272943717540418e+22

kid: [-3.00050280e-01  5.30214522e-01 -2.28980078e-13 -6.06684266e-02
 -1.75214813e-10 -1.83669770e-15  8.52944060e-16 -3.53088374e-01
  3.75567382e-01 -1.59792834e-08  9.98214034e-10] train error: 1.1220129871750622e+25, validation error: 2.1705479709235193e+25

kid: [ 2.65469414e-01  1.70198285e-01 -2.28980078e-13  4.62010753e-11
 -3.43312719e-01 -1.27550722e-01  8.52944060e-16  2.29423303e-05
 -2.04721003e-06 -3.79222861e-01  9.98214034e-10] train error: 5.964626041275889e+39, validation error: 6.06965044415136e+39

kid: [-1.92650793e-01 -1.45799022e-12 -2.28980078e-13  4.62010753e-11
 -7.77576223e-01 -1.83669770e-15  8.52944060e-16 -5.53990530e-01
 -2.04721003e-06 -1.50366877e-01 -3.53327220e-01] train error: 5.76393016070707e+31, validation error: 1.090922772292904e+32

kid: [ 0.00000000e+00 -7.41980423e-01  9.73692871e-01  4.62010753e-11
 -1.23690888e-01 -1.83669770e-15  9.88641876e-01  2.29423303e-05
 -2.04721003e-06 -1.59792834e-08 -5.68315757e-01] train error: 1.4658244471027481e+32, validation error: 2.773157163534293e+32

kid: [ 0.00000000e+00 -1.45799022e-12  2.59433198e-02 -1.11359241e-01
  8.57017649e-02 -1.06662344e-01  8.52944060e-16 -8.15108765e-01
 -2.04721003e-06 -1.59792834e-08  9.98214034e-10] train error: 4.1709784686130445e+39, validation error: 4.2444147775783424e+39

kid: [ 0.00000000e+00  5.57893873e-02 -2.28980078e-13  2.19648768e-01
 -1.75214813e-10 -1.83669770e-15 -3.68162179e-01  2.29423303e-05
 -4.65435756e-01  3.35250796e-02  9.98214034e-10] train error: 1.1392260971064011e+26, validation error: 2.1033003173949256e+26

kid: [ 4.92735665e-01  1.34208098e-01 -2.28980078e-13  4.62010753e-11
 -1.75214813e-10 -1.83669770e-15  6.74119218e-02  1.79446109e-01
 -2.04721003e-06 -4.53694010e-01  9.98214034e-10] train error: 3.968589882143879e+28, validation error: 7.608082696857696e+28

XXXXX-----XXXXX

---------


>>>>>>>>>

GENERATION : 17

Best of Pool:[ 4.92735665e-01  1.34208098e-01 -2.28980078e-13  4.62010753e-11
 -1.75214813e-10 -1.83669770e-15  6.74119218e-02  1.79446109e-01
 -2.04721003e-06 -4.53694010e-01  9.98214034e-10]->1832.5438724042997
Current Pool:
[[ 0.00000000e+00 -1.45799022e-12 -2.28980078e-13  4.62010753e-11
  -1.38713072e-01  2.77208908e-02 -3.61315511e-02  2.36129143e-01
  -2.04721003e-06 -1.59792834e-08  4.34713439e-01]
 [ 0.00000000e+00 -3.76830665e-01 -2.28980078e-13  4.62010753e-11
  -1.75214813e-10  6.71473723e-02  8.52944060e-16  1.25072320e-01
  -5.98048249e-01 -1.59792834e-08  9.13662377e-01]
 [ 0.00000000e+00 -1.45799022e-12  2.59433198e-02 -1.11359241e-01
   8.57017649e-02 -1.06662344e-01  8.52944060e-16 -8.15108765e-01
  -2.04721003e-06 -1.59792834e-08  9.98214034e-10]
 [ 2.65469414e-01  1.70198285e-01 -2.28980078e-13  4.62010753e-11
  -3.43312719e-01 -1.27550722e-01  8.52944060e-16  2.29423303e-05
  -2.04721003e-06 -3.79222861e-01  9.98214034e-10]
 [ 0.00000000e+00 -1.45799022e-12 -2.28980078e-13  4.62010753e-11
  -1.75214813e-10 -1.83669770e-15  8.52944060e-16  2.29423303e-05
  -2.04721003e-06 -1.59792834e-08  9.98214034e-10]
 [-5.78321996e-01 -6.42807397e-02 -2.28980078e-13 -5.80264995e-01
  -1.31142086e-01 -1.83669770e-15  8.52944060e-16 -3.04985025e-01
  -2.04721003e-06 -1.59792834e-08  9.98214034e-10]
 [ 1.09265813e-01 -1.03160842e-01  2.60946119e-01  4.62010753e-11
  -1.75942326e-01 -1.83669770e-15  8.52944060e-16 -1.08829268e+00
  -2.04721003e-06 -1.59792834e-08  9.98214034e-10]
 [-2.73136257e-01 -6.08510759e-02  4.54824116e-02  4.62010753e-11
  -1.75214813e-10 -1.83669770e-15  8.52944060e-16 -3.69921435e-01
  -1.11507991e-01 -1.59792834e-08  9.98214034e-10]
 [ 3.97900642e-01  3.00983217e-02 -5.27272074e-03  4.62010753e-11
   8.99559988e-02 -1.83669770e-15  8.52944060e-16  2.29423303e-05
  -2.56650196e-01 -1.59792834e-08  9.98214034e-10]
 [-3.00050280e-01  5.30214522e-01 -2.28980078e-13 -6.06684266e-02
  -1.75214813e-10 -1.83669770e-15  8.52944060e-16 -3.53088374e-01
   3.75567382e-01 -1.59792834e-08  9.98214034e-10]
 [ 0.00000000e+00  5.57893873e-02 -2.28980078e-13  2.19648768e-01
  -1.75214813e-10 -1.83669770e-15 -3.68162179e-01  2.29423303e-05
  -4.65435756e-01  3.35250796e-02  9.98214034e-10]
 [ 0.00000000e+00  6.62219276e-01  1.51740368e-01  4.62010753e-11
  -1.75214813e-10 -1.83669770e-15  8.52944060e-16 -3.77939019e-01
   1.84845420e-01  5.99714380e-02  9.98214034e-10]
 [-8.24819457e-02 -1.45799022e-12 -2.28980078e-13 -2.46654287e-01
   3.84946139e-01 -1.83669770e-15  8.52944060e-16  2.29423303e-05
   5.23738949e-01 -2.26812932e-01  9.98214034e-10]
 [ 4.92735665e-01  1.34208098e-01 -2.28980078e-13  4.62010753e-11
  -1.75214813e-10 -1.83669770e-15  6.74119218e-02  1.79446109e-01
  -2.04721003e-06 -4.53694010e-01  9.98214034e-10]]

....>>>>>....

XXXX-XXXX
Russian Roullette begins >>>


----
[ 0.00000000e+00 -1.45799022e-12 -2.28980078e-13  4.62010753e-11
 -1.75214813e-10 -1.83669770e-15  8.52944060e-16  2.29423303e-05
 -2.04721003e-06 -1.59792834e-08  9.98214034e-10]x[-5.78321996e-01 -6.42807397e-02 -2.28980078e-13 -5.80264995e-01
 -1.31142086e-01 -1.83669770e-15  8.52944060e-16 -3.04985025e-01
 -2.04721003e-06 -1.59792834e-08  9.98214034e-10]---->
[-5.85999614e-01 -5.26939402e-02 -2.28980078e-13 -4.95159465e-01
 -1.32990112e-01 -1.83669770e-15  8.52944060e-16 -2.80998998e-01
 -2.04721003e-06 -1.59792834e-08  9.98214034e-10]+[-5.28114370e-01 -6.26731989e-02 -2.28980078e-13 -5.84933355e-01
 -9.75657888e-02 -1.83669770e-15  8.52944060e-16 -3.25305762e-01
 -2.04721003e-06 -1.59792834e-08  9.98214034e-10]
----


----
[ 0.00000000e+00 -1.45799022e-12 -2.28980078e-13  4.62010753e-11
 -1.75214813e-10 -1.83669770e-15  8.52944060e-16  2.29423303e-05
 -2.04721003e-06 -1.59792834e-08  9.98214034e-10]x[-5.78321996e-01 -6.42807397e-02 -2.28980078e-13 -5.80264995e-01
 -1.31142086e-01 -1.83669770e-15  8.52944060e-16 -3.04985025e-01
 -2.04721003e-06 -1.59792834e-08  9.98214034e-10]---->
[-5.45680045e-01 -3.97950327e-02 -2.28980078e-13 -2.17232732e-01
 -5.29081901e-02 -1.83669770e-15  8.52944060e-16 -1.13294879e-01
 -2.04721003e-06 -1.59792834e-08  9.98214034e-10]+[-2.84518811e-01 -2.39960824e-02 -2.28980078e-13 -2.59687005e-01
 -1.11928068e-01 -1.83669770e-15  8.52944060e-16 -1.89624714e-01
 -2.04721003e-06 -1.59792834e-08  9.98214034e-10]
----


----
[ 0.00000000e+00 -1.45799022e-12 -2.28980078e-13  4.62010753e-11
 -1.75214813e-10 -1.83669770e-15  8.52944060e-16  2.29423303e-05
 -2.04721003e-06 -1.59792834e-08  9.98214034e-10]x[-5.78321996e-01 -6.42807397e-02 -2.28980078e-13 -5.80264995e-01
 -1.31142086e-01 -1.83669770e-15  8.52944060e-16 -3.04985025e-01
 -2.04721003e-06 -1.59792834e-08  9.98214034e-10]---->
[-8.53323911e-01 -7.12390269e-02 -2.28980078e-13 -4.62639325e-01
 -1.04071598e-01 -1.83669770e-15  8.52944060e-16 -2.03485030e-01
 -2.04721003e-06 -1.59792834e-08  9.98214034e-10]+[-8.87990458e-01 -8.36226431e-02 -2.28980078e-13 -7.80783985e-01
 -1.59707830e-01 -1.83669770e-15  8.52944060e-16 -3.33532136e-01
 -2.04721003e-06 -1.59792834e-08  9.98214034e-10]
----


----
[ 0.00000000e+00 -1.45799022e-12 -2.28980078e-13  4.62010753e-11
 -1.75214813e-10 -1.83669770e-15  8.52944060e-16  2.29423303e-05
 -2.04721003e-06 -1.59792834e-08  9.98214034e-10]x[-5.78321996e-01 -6.42807397e-02 -2.28980078e-13 -5.80264995e-01
 -1.31142086e-01 -1.83669770e-15  8.52944060e-16 -3.04985025e-01
 -2.04721003e-06 -1.59792834e-08  9.98214034e-10]---->
[-4.93123913e-01 -8.85396363e-02 -2.28980078e-13 -5.53828925e-01
 -1.56012669e-01 -1.83669770e-15  8.52944060e-16 -3.87060232e-01
 -2.04721003e-06 -1.59792834e-08  9.98214034e-10]+[-5.64506068e-01 -4.10012391e-02 -2.28980078e-13 -6.33434502e-01
 -1.41932638e-01 -1.83669770e-15  8.52944060e-16 -2.72208212e-01
 -2.04721003e-06 -1.59792834e-08  9.98214034e-10]
----


----
[ 0.00000000e+00 -1.45799022e-12 -2.28980078e-13  4.62010753e-11
 -1.75214813e-10 -1.83669770e-15  8.52944060e-16  2.29423303e-05
 -2.04721003e-06 -1.59792834e-08  9.98214034e-10]x[-5.78321996e-01 -6.42807397e-02 -2.28980078e-13 -5.80264995e-01
 -1.31142086e-01 -1.83669770e-15  8.52944060e-16 -3.04985025e-01
 -2.04721003e-06 -1.59792834e-08  9.98214034e-10]---->
[-8.17429073e-01 -6.84438742e-02 -2.28980078e-13 -6.20838945e-01
 -1.61401615e-01 -1.83669770e-15  8.52944060e-16 -4.23989712e-01
 -2.04721003e-06 -1.59792834e-08  9.98214034e-10]+[-6.17558183e-01 -9.31980864e-02 -2.28980078e-13 -8.13596785e-01
 -1.89864570e-01 -1.83669770e-15  8.52944060e-16 -3.27767598e-01
 -2.04721003e-06 -1.59792834e-08  9.98214034e-10]
----


----
[ 0.00000000e+00 -1.45799022e-12 -2.28980078e-13  4.62010753e-11
 -1.75214813e-10 -1.83669770e-15  8.52944060e-16  2.29423303e-05
 -2.04721003e-06 -1.59792834e-08  9.98214034e-10]x[-5.78321996e-01 -6.42807397e-02 -2.28980078e-13 -5.80264995e-01
 -1.31142086e-01 -1.83669770e-15  8.52944060e-16 -3.04985025e-01
 -2.04721003e-06 -1.59792834e-08  9.98214034e-10]---->
[-8.51126175e-01 -5.40056914e-02 -2.28980078e-13 -8.54369427e-01
 -1.57031152e-01 -1.83669770e-15  8.52944060e-16 -3.96130280e-01
 -2.04721003e-06 -1.59792834e-08  9.98214034e-10]+[-3.00934860e-01 -8.47070033e-02 -2.28980078e-13 -6.27475723e-01
 -9.46277719e-02 -1.83669770e-15  8.52944060e-16 -4.56260320e-01
 -2.04721003e-06 -1.59792834e-08  9.98214034e-10]
----


----
[ 0.00000000e+00 -1.45799022e-12 -2.28980078e-13  4.62010753e-11
 -1.75214813e-10 -1.83669770e-15  8.52944060e-16  2.29423303e-05
 -2.04721003e-06 -1.59792834e-08  9.98214034e-10]x[-5.78321996e-01 -6.42807397e-02 -2.28980078e-13 -5.80264995e-01
 -1.31142086e-01 -1.83669770e-15  8.52944060e-16 -3.04985025e-01
 -2.04721003e-06 -1.59792834e-08  9.98214034e-10]---->
[-3.79780421e-01 -1.09133909e-01 -2.28980078e-13 -7.35911166e-01
 -2.13262687e-01 -1.83669770e-15  8.52944060e-16 -5.08148337e-01
 -2.04721003e-06 -1.59792834e-08  9.98214034e-10]+[-7.88764726e-01 -8.38892936e-02 -2.28980078e-13 -6.62965466e-01
 -1.07440800e-01 -1.83669770e-15  8.52944060e-16 -4.40635325e-01
 -2.04721003e-06 -1.59792834e-08  9.98214034e-10]
----


----
[ 0.00000000e+00 -1.45799022e-12 -2.28980078e-13  4.62010753e-11
 -1.75214813e-10 -1.83669770e-15  8.52944060e-16  2.29423303e-05
 -2.04721003e-06 -1.59792834e-08  9.98214034e-10]x[-5.78321996e-01 -6.42807397e-02 -2.28980078e-13 -5.80264995e-01
 -1.31142086e-01 -1.83669770e-15  8.52944060e-16 -3.04985025e-01
 -2.04721003e-06 -1.59792834e-08  9.98214034e-10]---->
[-9.46817826e-01 -7.00326596e-02 -2.28980078e-13 -6.06464069e-01
 -1.60112345e-01 -1.83669770e-15  8.52944060e-16 -1.59005542e-01
 -2.04721003e-06 -1.59792834e-08  9.98214034e-10]+[-9.42710153e-01 -7.95487204e-02 -2.28980078e-13 -1.02631863e+00
 -9.84837131e-02 -1.83669770e-15  8.52944060e-16 -5.63637376e-01
 -2.04721003e-06 -1.59792834e-08  9.98214034e-10]
----


Roullette Ends
XXXX-XXXX


Errors:>>

XXXXX-----XXXXX
kid: [-5.85999614e-01 -5.26939402e-02 -2.44393528e-13 -5.22446453e-01
 -1.32990112e-01 -1.94742166e-15  8.52944060e-16 -2.70419310e-01
 -2.16262027e-06 -1.59792834e-08  9.98214034e-10] train error: 2.614194091370405e+21, validation error: 5.108781993830027e+21

kid: [-4.81130640e-01 -6.26731989e-02 -2.28980078e-13 -6.02733780e-01
 -9.75657888e-02 -1.83669770e-15  8.52944060e-16 -2.92881656e-01
 -2.04721003e-06 -1.65153147e-08  1.01875353e-09] train error: 3.066332468024836e+21, validation error: 5.992365174632265e+21

kid: [-5.91434701e-01 -3.97950327e-02 -2.27355226e-13 -2.17232732e-01
 -5.29081901e-02 -1.83669770e-15  8.52944060e-16 -1.17059380e-01
 -2.15460481e-06 -1.59792834e-08  1.09155729e-09] train error: 4.899079456415993e+20, validation error: 9.573880206108721e+20

kid: [-2.84518811e-01 -2.28526724e-02 -2.28980078e-13 -2.59687005e-01
 -1.11928068e-01 -1.98838971e-15  8.52197476e-16 -1.89624714e-01
 -2.09031246e-06 -1.59792834e-08  1.00461719e-09] train error: 1.285506004581301e+21, validation error: 2.512182126234115e+21

kid: [-8.53323911e-01 -7.12390269e-02 -2.37820516e-13 -4.73768976e-01
 -1.04071598e-01 -1.88284792e-15  8.01657867e-16 -2.03485030e-01
 -2.23737108e-06 -1.59792834e-08  9.98214034e-10] train error: 1.4803739952060042e+21, validation error: 2.8930145513638115e+21

kid: [-9.52387856e-01 -8.36226431e-02 -2.28980078e-13 -8.41841261e-01
 -1.59707830e-01 -1.83669770e-15  9.22977231e-16 -3.33532136e-01
 -2.22087810e-06 -1.61664983e-08  9.98214034e-10] train error: 3.976745090161201e+21, validation error: 7.771566911594856e+21

kid: [-4.93123913e-01 -8.89880947e-02 -2.28980078e-13 -5.53828925e-01
 -1.56012669e-01 -1.83669770e-15  8.59832431e-16 -4.10932633e-01
 -2.04721003e-06 -1.53283670e-08  1.06394175e-09] train error: 6.035893173443069e+21, validation error: 1.1795646394651394e+22

kid: [-5.34687786e-01 -4.47527680e-02 -2.47956882e-13 -6.33434502e-01
 -1.41932638e-01 -1.83669770e-15  8.52944060e-16 -2.91730202e-01
 -2.13661748e-06 -1.59792834e-08  9.98214034e-10] train error: 3.0423845097452156e+21, validation error: 5.945577096938772e+21

kid: [-8.96565690e-01 -6.84438742e-02 -2.28980078e-13 -6.20838945e-01
 -1.61401615e-01 -1.90046780e-15  8.52944060e-16 -4.23989712e-01
 -2.11132741e-06 -1.66116834e-08  1.02477696e-09] train error: 6.425858015820202e+21, validation error: 1.2557746530673454e+22

kid: [-6.17558183e-01 -9.31980864e-02 -2.28980078e-13 -8.10756974e-01
 -1.89864570e-01 -1.83669770e-15  7.69691015e-16 -3.40949982e-01
 -2.05133091e-06 -1.59792834e-08  9.44074316e-10] train error: 4.155531749729221e+21, validation error: 8.120950965909342e+21

kid: [-8.69924150e-01 -5.40056914e-02 -2.28980078e-13 -8.54369427e-01
 -1.42722291e-01 -1.89833272e-15  8.51404999e-16 -3.96130280e-01
 -2.04721003e-06 -1.46816079e-08  9.98214034e-10] train error: 5.609061385803768e+21, validation error: 1.0961511231713131e+22

kid: [-3.00934860e-01 -8.47070033e-02 -2.28980078e-13 -6.57902797e-01
 -9.40702674e-02 -1.96033285e-15  8.88865574e-16 -4.56260320e-01
 -2.04721003e-06 -1.59792834e-08  8.98398491e-10] train error: 7.441476423979929e+21, validation error: 1.4542524525015902e+22

kid: [-3.97801136e-01 -1.13781366e-01 -2.28980078e-13 -7.42860131e-01
 -2.13262687e-01 -1.83669770e-15  8.52944060e-16 -5.25164215e-01
 -2.04721003e-06 -1.72202419e-08  9.98214034e-10] train error: 9.858325503934101e+21, validation error: 1.9265674740577478e+22

kid: [-7.35997007e-01 -8.38892936e-02 -2.28980078e-13 -6.62965466e-01
 -1.07440800e-01 -1.96754519e-15  9.18165948e-16 -4.40635325e-01
 -2.04721003e-06 -1.69819664e-08  1.04858336e-09] train error: 6.940127747695553e+21, validation error: 1.356274276781137e+22

kid: [-9.05840078e-01 -6.84264549e-02 -2.22805303e-13 -6.06464069e-01
 -1.60112345e-01 -1.77419687e-15  8.52944060e-16 -1.59005542e-01
 -2.04721003e-06 -1.47633462e-08  9.98214034e-10] train error: 9.038747869442238e+20, validation error: 1.7663836714820352e+21

kid: [-1.00184796e+00 -7.95487204e-02 -2.28980078e-13 -1.05903666e+00
 -9.80075429e-02 -1.83669770e-15  8.59943908e-16 -5.63637376e-01
 -1.89060112e-06 -1.59792834e-08  9.98214034e-10] train error: 1.1355142734398343e+22, validation error: 2.2190805754419014e+22

XXXXX-----XXXXX

Best of Children: [-1.00184796e+00 -7.95487204e-02 -2.28980078e-13 -1.05903666e+00
 -9.80075429e-02 -1.83669770e-15  8.59943908e-16 -5.63637376e-01
 -1.89060112e-06 -1.59792834e-08  9.98214034e-10]->3.6220549041309925e-08

>>>>>>>>>

GENERATION : 18

Best of Pool:[-8.69924150e-01 -5.40056914e-02 -2.28980078e-13 -8.54369427e-01
 -1.42722291e-01 -1.89833272e-15  8.51404999e-16 -3.96130280e-01
 -2.04721003e-06 -1.46816079e-08  9.98214034e-10]->1832.5438724042997
Current Pool:
[[ 0.00000000e+00 -1.45799022e-12 -2.28980078e-13  4.62010753e-11
  -1.75214813e-10 -1.83669770e-15  8.52944060e-16  2.29423303e-05
  -2.04721003e-06 -1.59792834e-08  9.98214034e-10]
 [-5.78321996e-01 -6.42807397e-02 -2.28980078e-13 -5.80264995e-01
  -1.31142086e-01 -1.83669770e-15  8.52944060e-16 -3.04985025e-01
  -2.04721003e-06 -1.59792834e-08  9.98214034e-10]
 [ 1.09265813e-01 -1.03160842e-01  2.60946119e-01  4.62010753e-11
  -1.75942326e-01 -1.83669770e-15  8.52944060e-16 -1.08829268e+00
  -2.04721003e-06 -1.59792834e-08  9.98214034e-10]
 [-2.73136257e-01 -6.08510759e-02  4.54824116e-02  4.62010753e-11
  -1.75214813e-10 -1.83669770e-15  8.52944060e-16 -3.69921435e-01
  -1.11507991e-01 -1.59792834e-08  9.98214034e-10]
 [-5.91434701e-01 -3.97950327e-02 -2.27355226e-13 -2.17232732e-01
  -5.29081901e-02 -1.83669770e-15  8.52944060e-16 -1.17059380e-01
  -2.15460481e-06 -1.59792834e-08  1.09155729e-09]
 [-9.05840078e-01 -6.84264549e-02 -2.22805303e-13 -6.06464069e-01
  -1.60112345e-01 -1.77419687e-15  8.52944060e-16 -1.59005542e-01
  -2.04721003e-06 -1.47633462e-08  9.98214034e-10]
 [-2.84518811e-01 -2.28526724e-02 -2.28980078e-13 -2.59687005e-01
  -1.11928068e-01 -1.98838971e-15  8.52197476e-16 -1.89624714e-01
  -2.09031246e-06 -1.59792834e-08  1.00461719e-09]
 [-8.53323911e-01 -7.12390269e-02 -2.37820516e-13 -4.73768976e-01
  -1.04071598e-01 -1.88284792e-15  8.01657867e-16 -2.03485030e-01
  -2.23737108e-06 -1.59792834e-08  9.98214034e-10]
 [-5.85999614e-01 -5.26939402e-02 -2.44393528e-13 -5.22446453e-01
  -1.32990112e-01 -1.94742166e-15  8.52944060e-16 -2.70419310e-01
  -2.16262027e-06 -1.59792834e-08  9.98214034e-10]
 [-5.34687786e-01 -4.47527680e-02 -2.47956882e-13 -6.33434502e-01
  -1.41932638e-01 -1.83669770e-15  8.52944060e-16 -2.91730202e-01
  -2.13661748e-06 -1.59792834e-08  9.98214034e-10]
 [-4.81130640e-01 -6.26731989e-02 -2.28980078e-13 -6.02733780e-01
  -9.75657888e-02 -1.83669770e-15  8.52944060e-16 -2.92881656e-01
  -2.04721003e-06 -1.65153147e-08  1.01875353e-09]
 [-9.52387856e-01 -8.36226431e-02 -2.28980078e-13 -8.41841261e-01
  -1.59707830e-01 -1.83669770e-15  9.22977231e-16 -3.33532136e-01
  -2.22087810e-06 -1.61664983e-08  9.98214034e-10]
 [-6.17558183e-01 -9.31980864e-02 -2.28980078e-13 -8.10756974e-01
  -1.89864570e-01 -1.83669770e-15  7.69691015e-16 -3.40949982e-01
  -2.05133091e-06 -1.59792834e-08  9.44074316e-10]
 [-8.69924150e-01 -5.40056914e-02 -2.28980078e-13 -8.54369427e-01
  -1.42722291e-01 -1.89833272e-15  8.51404999e-16 -3.96130280e-01
  -2.04721003e-06 -1.46816079e-08  9.98214034e-10]]

....>>>>>....

XXXX-XXXX
Russian Roullette begins >>>


----
[ 0.00000000e+00 -1.45799022e-12 -2.28980078e-13  4.62010753e-11
 -1.75214813e-10 -1.83669770e-15  8.52944060e-16  2.29423303e-05
 -2.04721003e-06 -1.59792834e-08  9.98214034e-10]x[-5.78321996e-01 -6.42807397e-02 -2.28980078e-13 -5.80264995e-01
 -1.31142086e-01 -1.83669770e-15  8.52944060e-16 -3.04985025e-01
 -2.04721003e-06 -1.59792834e-08  9.98214034e-10]---->
[-7.73431439e-01 -1.06931957e-01 -2.28980078e-13 -8.74704802e-01
 -1.53194502e-01 -1.83669770e-15  8.52944060e-16 -5.07366478e-01
 -2.04721003e-06 -1.59792834e-08  9.98214034e-10]+[-7.56463932e-01 -9.32948923e-02 -2.28980078e-13 -7.88142477e-01
 -2.21697564e-01 -1.83669770e-15  8.52944060e-16 -3.15005689e-01
 -2.04721003e-06 -1.59792834e-08  9.98214034e-10]
----


----
[ 0.00000000e+00 -1.45799022e-12 -2.28980078e-13  4.62010753e-11
 -1.75214813e-10 -1.83669770e-15  8.52944060e-16  2.29423303e-05
 -2.04721003e-06 -1.59792834e-08  9.98214034e-10]x[-5.78321996e-01 -6.42807397e-02 -2.28980078e-13 -5.80264995e-01
 -1.31142086e-01 -1.83669770e-15  8.52944060e-16 -3.04985025e-01
 -2.04721003e-06 -1.59792834e-08  9.98214034e-10]---->
[-4.26186150e-01 -5.76371293e-02 -2.28980078e-13 -6.52633256e-01
 -1.01199094e-01 -1.83669770e-15  8.52944060e-16 -3.57075937e-01
 -2.04721003e-06 -1.59792834e-08  9.98214034e-10]+[-5.33129468e-01 -4.19246688e-02 -2.28980078e-13 -5.55764674e-01
 -6.74465053e-02 -1.83669770e-15  8.52944060e-16 -1.56228112e-01
 -2.04721003e-06 -1.59792834e-08  9.98214034e-10]
----


----
[ 0.00000000e+00 -1.45799022e-12 -2.28980078e-13  4.62010753e-11
 -1.75214813e-10 -1.83669770e-15  8.52944060e-16  2.29423303e-05
 -2.04721003e-06 -1.59792834e-08  9.98214034e-10]x[-5.78321996e-01 -6.42807397e-02 -2.28980078e-13 -5.80264995e-01
 -1.31142086e-01 -1.83669770e-15  8.52944060e-16 -3.04985025e-01
 -2.04721003e-06 -1.59792834e-08  9.98214034e-10]---->
[-8.36807098e-01 -8.85484308e-02 -2.28980078e-13 -7.30530967e-01
 -1.86167931e-01 -1.83669770e-15  8.52944060e-16 -4.90504725e-01
 -2.04721003e-06 -1.59792834e-08  9.98214034e-10]+[-5.21123938e-01 -9.70225268e-02 -2.28980078e-13 -8.30109660e-01
 -1.96344217e-01 -1.83669770e-15  8.52944060e-16 -3.63107807e-01
 -2.04721003e-06 -1.59792834e-08  9.98214034e-10]
----


----
[ 0.00000000e+00 -1.45799022e-12 -2.28980078e-13  4.62010753e-11
 -1.75214813e-10 -1.83669770e-15  8.52944060e-16  2.29423303e-05
 -2.04721003e-06 -1.59792834e-08  9.98214034e-10]x[-5.78321996e-01 -6.42807397e-02 -2.28980078e-13 -5.80264995e-01
 -1.31142086e-01 -1.83669770e-15  8.52944060e-16 -3.04985025e-01
 -2.04721003e-06 -1.59792834e-08  9.98214034e-10]---->
[-4.60191601e-01 -7.93687847e-02 -2.28980078e-13 -6.59238458e-01
 -1.63598800e-01 -1.83669770e-15  8.52944060e-16 -2.54559001e-01
 -2.04721003e-06 -1.59792834e-08  9.98214034e-10]+[-6.62288367e-01 -7.20659884e-02 -2.28980078e-13 -5.53096521e-01
 -1.20047040e-01 -1.83669770e-15  8.52944060e-16 -3.62300774e-01
 -2.04721003e-06 -1.59792834e-08  9.98214034e-10]
----


----
[ 0.00000000e+00 -1.45799022e-12 -2.28980078e-13  4.62010753e-11
 -1.75214813e-10 -1.83669770e-15  8.52944060e-16  2.29423303e-05
 -2.04721003e-06 -1.59792834e-08  9.98214034e-10]x[-5.78321996e-01 -6.42807397e-02 -2.28980078e-13 -5.80264995e-01
 -1.31142086e-01 -1.83669770e-15  8.52944060e-16 -3.04985025e-01
 -2.04721003e-06 -1.59792834e-08  9.98214034e-10]---->
[-7.14911200e-01 -7.30863821e-02 -2.28980078e-13 -6.48080363e-01
 -1.73246059e-01 -1.83669770e-15  8.52944060e-16 -3.21777700e-01
 -2.04721003e-06 -1.59792834e-08  9.98214034e-10]+[-6.08290889e-01 -5.84579386e-02 -2.28980078e-13 -4.11889674e-01
 -1.57801326e-01 -1.83669770e-15  8.52944060e-16 -3.40078013e-01
 -2.04721003e-06 -1.59792834e-08  9.98214034e-10]
----


----
[ 0.00000000e+00 -1.45799022e-12 -2.28980078e-13  4.62010753e-11
 -1.75214813e-10 -1.83669770e-15  8.52944060e-16  2.29423303e-05
 -2.04721003e-06 -1.59792834e-08  9.98214034e-10]x[-5.78321996e-01 -6.42807397e-02 -2.28980078e-13 -5.80264995e-01
 -1.31142086e-01 -1.83669770e-15  8.52944060e-16 -3.04985025e-01
 -2.04721003e-06 -1.59792834e-08  9.98214034e-10]---->
[-5.64821896e-01 -6.80115342e-02 -2.28980078e-13 -1.10234335e+00
 -1.37968647e-01 -1.83669770e-15  8.52944060e-16 -3.11157374e-01
 -2.04721003e-06 -1.59792834e-08  9.98214034e-10]+[-8.62851178e-01 -9.46022269e-02 -2.28980078e-13 -6.11410753e-01
 -1.45212371e-01 -1.83669770e-15  8.52944060e-16 -4.93111988e-01
 -2.04721003e-06 -1.59792834e-08  9.98214034e-10]
----


----
[ 0.00000000e+00 -1.45799022e-12 -2.28980078e-13  4.62010753e-11
 -1.75214813e-10 -1.83669770e-15  8.52944060e-16  2.29423303e-05
 -2.04721003e-06 -1.59792834e-08  9.98214034e-10]x[-5.78321996e-01 -6.42807397e-02 -2.28980078e-13 -5.80264995e-01
 -1.31142086e-01 -1.83669770e-15  8.52944060e-16 -3.04985025e-01
 -2.04721003e-06 -1.59792834e-08  9.98214034e-10]---->
[-9.07615429e-01 -2.82207845e-02 -2.28980078e-13 -8.12965911e-01
 -1.25692713e-01 -1.83669770e-15  8.52944060e-16 -3.85211785e-01
 -2.04721003e-06 -1.59792834e-08  9.98214034e-10]+[-9.10213720e-01 -4.16300700e-02 -2.28980078e-13 -6.35586626e-01
 -2.20848293e-01 -1.83669770e-15  8.52944060e-16 -3.47689275e-01
 -2.04721003e-06 -1.59792834e-08  9.98214034e-10]
----


----
[ 0.00000000e+00 -1.45799022e-12 -2.28980078e-13  4.62010753e-11
 -1.75214813e-10 -1.83669770e-15  8.52944060e-16  2.29423303e-05
 -2.04721003e-06 -1.59792834e-08  9.98214034e-10]x[-5.78321996e-01 -6.42807397e-02 -2.28980078e-13 -5.80264995e-01
 -1.31142086e-01 -1.83669770e-15  8.52944060e-16 -3.04985025e-01
 -2.04721003e-06 -1.59792834e-08  9.98214034e-10]---->
[-5.94581688e-01 -9.42655411e-02 -2.28980078e-13 -7.80419819e-01
 -1.87435214e-01 -1.83669770e-15  8.52944060e-16 -3.16128141e-01
 -2.04721003e-06 -1.59792834e-08  9.98214034e-10]+[-7.04146970e-01 -7.34722473e-02 -2.28980078e-13 -6.30474981e-01
 -1.79036455e-01 -1.83669770e-15  8.52944060e-16 -4.36320644e-01
 -2.04721003e-06 -1.59792834e-08  9.98214034e-10]
----


Roullette Ends
XXXX-XXXX


Errors:>>

XXXXX-----XXXXX
kid: [-8.17724747e-01 -1.08820618e-01 -2.28980078e-13 -8.74704802e-01
 -1.57624868e-01 -1.83669770e-15  8.52944060e-16 -5.49693184e-01
 -2.04721003e-06 -1.44282247e-08  9.98214034e-10] train error: 1.0800421603736109e+22, validation error: 2.1106772719230905e+22

kid: [-7.56463932e-01 -9.32948923e-02 -2.41964390e-13 -8.25898802e-01
 -2.26888745e-01 -1.67781286e-15  8.52944060e-16 -3.21418189e-01
 -2.04721003e-06 -1.59792834e-08  9.98214034e-10] train error: 3.692956522166121e+21, validation error: 7.216963105829771e+21

kid: [-3.98528680e-01 -6.21409759e-02 -2.28980078e-13 -6.52633256e-01
 -1.01199094e-01 -1.77138055e-15  8.40585468e-16 -3.49786195e-01
 -2.04721003e-06 -1.59792834e-08  9.98214034e-10] train error: 4.373521940181115e+21, validation error: 8.546951521369498e+21

kid: [-5.57867598e-01 -4.28741096e-02 -2.28980078e-13 -5.67820381e-01
 -6.74465053e-02 -1.99700484e-15  7.79230865e-16 -1.56228112e-01
 -2.04721003e-06 -1.59792834e-08  9.98214034e-10] train error: 8.726076844533951e+20, validation error: 1.705273106459437e+21

kid: [-8.27392978e-01 -8.85484308e-02 -2.10123649e-13 -7.30530967e-01
 -1.86167931e-01 -1.74668401e-15  8.52944060e-16 -4.56590278e-01
 -2.04721003e-06 -1.54188129e-08  9.98214034e-10] train error: 7.451853068837545e+21, validation error: 1.456281037084025e+22

kid: [-5.50473612e-01 -9.68598891e-02 -2.28980078e-13 -8.68373389e-01
 -1.83164397e-01 -1.83669770e-15  8.17523419e-16 -3.63107807e-01
 -2.04721003e-06 -1.59792834e-08  9.98214034e-10] train error: 4.712996352748281e+21, validation error: 9.21037418982364e+21

kid: [-4.60191601e-01 -7.86136843e-02 -2.28980078e-13 -6.59238458e-01
 -1.56248371e-01 -1.83669770e-15  8.61035098e-16 -2.54559001e-01
 -1.90246501e-06 -1.59792834e-08  1.08461943e-09] train error: 2.316181466206896e+21, validation error: 4.5263673495485583e+21

kid: [-6.39599259e-01 -6.52205566e-02 -2.28980078e-13 -5.53096521e-01
 -1.11862189e-01 -1.83669770e-15  8.52944060e-16 -3.62300774e-01
 -1.98507955e-06 -1.59792834e-08  9.47743501e-10] train error: 4.6921227497942035e+21, validation error: 9.169574901889089e+21

kid: [-7.14911200e-01 -7.30863821e-02 -2.28980078e-13 -6.48080363e-01
 -1.64371400e-01 -1.89644148e-15  9.30656247e-16 -3.47345780e-01
 -2.18044227e-06 -1.59792834e-08  9.98214034e-10] train error: 4.3128838766001217e+21, validation error: 8.428462734299779e+21

kid: [-6.08290889e-01 -5.47235369e-02 -2.28980078e-13 -4.11889674e-01
 -1.57801326e-01 -1.79701524e-15  8.29691291e-16 -3.23640612e-01
 -1.98733301e-06 -1.59792834e-08  9.98214034e-10] train error: 3.7441282024830597e+21, validation error: 7.316951532690112e+21

kid: [-5.29780874e-01 -6.80115342e-02 -2.06089819e-13 -1.10234335e+00
 -1.37968647e-01 -1.83669770e-15  9.25713563e-16 -3.11157374e-01
 -2.04721003e-06 -1.61408410e-08  1.07627337e-09] train error: 3.460768153916376e+21, validation error: 6.763190766898009e+21

kid: [-8.90433673e-01 -9.96761017e-02 -2.28980078e-13 -6.67653400e-01
 -1.45212371e-01 -1.82847365e-15  9.32816146e-16 -4.93111988e-01
 -2.04721003e-06 -1.59792834e-08  9.98214034e-10] train error: 8.691623727416521e+21, validation error: 1.6985633937620422e+22

kid: [-9.21274733e-01 -2.82207845e-02 -2.18796364e-13 -8.12965911e-01
 -1.25692713e-01 -1.81178540e-15  9.03375465e-16 -3.85211785e-01
 -1.89038181e-06 -1.59792834e-08  9.98214034e-10] train error: 5.304010116371562e+21, validation error: 1.0365345221443378e+22

kid: [-9.10213720e-01 -4.15575457e-02 -2.16500011e-13 -6.35586626e-01
 -2.20848293e-01 -1.83669770e-15  8.14458828e-16 -3.47689275e-01
 -2.11434789e-06 -1.59792834e-08  1.01106301e-09] train error: 4.321315127544939e+21, validation error: 8.444937078115132e+21

kid: [-5.94581688e-01 -9.42655411e-02 -2.26402322e-13 -8.31671062e-01
 -2.04002256e-01 -1.83669770e-15  7.70930639e-16 -3.16128141e-01
 -2.10420063e-06 -1.59792834e-08  9.98214034e-10] train error: 3.57246969901619e+21, validation error: 6.981499721709293e+21

kid: [-7.35951160e-01 -7.34722473e-02 -2.28980078e-13 -6.45399820e-01
 -1.79036455e-01 -1.83669770e-15  8.52944060e-16 -3.98429792e-01
 -2.04721003e-06 -1.57601715e-08  1.08360978e-09] train error: 5.674177387754473e+21, validation error: 1.1088760142198531e+22

XXXXX-----XXXXX

Best of Children: [-8.17724747e-01 -1.08820618e-01 -2.28980078e-13 -8.74704802e-01
 -1.57624868e-01 -1.83669770e-15  8.52944060e-16 -5.49693184e-01
 -2.04721003e-06 -1.44282247e-08  9.98214034e-10]->3.808080615591633e-08

>>>>>>>>>

GENERATION : 19

Best of Pool:[-7.56463932e-01 -9.32948923e-02 -2.41964390e-13 -8.25898802e-01
 -2.26888745e-01 -1.67781286e-15  8.52944060e-16 -3.21418189e-01
 -2.04721003e-06 -1.59792834e-08  9.98214034e-10]->1832.5438724042997
Current Pool:
[[ 0.00000000e+00 -1.45799022e-12 -2.28980078e-13  4.62010753e-11
  -1.75214813e-10 -1.83669770e-15  8.52944060e-16  2.29423303e-05
  -2.04721003e-06 -1.59792834e-08  9.98214034e-10]
 [-5.91434701e-01 -3.97950327e-02 -2.27355226e-13 -2.17232732e-01
  -5.29081901e-02 -1.83669770e-15  8.52944060e-16 -1.17059380e-01
  -2.15460481e-06 -1.59792834e-08  1.09155729e-09]
 [-9.05840078e-01 -6.84264549e-02 -2.22805303e-13 -6.06464069e-01
  -1.60112345e-01 -1.77419687e-15  8.52944060e-16 -1.59005542e-01
  -2.04721003e-06 -1.47633462e-08  9.98214034e-10]
 [-2.84518811e-01 -2.28526724e-02 -2.28980078e-13 -2.59687005e-01
  -1.11928068e-01 -1.98838971e-15  8.52197476e-16 -1.89624714e-01
  -2.09031246e-06 -1.59792834e-08  1.00461719e-09]
 [-5.57867598e-01 -4.28741096e-02 -2.28980078e-13 -5.67820381e-01
  -6.74465053e-02 -1.99700484e-15  7.79230865e-16 -1.56228112e-01
  -2.04721003e-06 -1.59792834e-08  9.98214034e-10]
 [-4.60191601e-01 -7.86136843e-02 -2.28980078e-13 -6.59238458e-01
  -1.56248371e-01 -1.83669770e-15  8.61035098e-16 -2.54559001e-01
  -1.90246501e-06 -1.59792834e-08  1.08461943e-09]
 [-5.29780874e-01 -6.80115342e-02 -2.06089819e-13 -1.10234335e+00
  -1.37968647e-01 -1.83669770e-15  9.25713563e-16 -3.11157374e-01
  -2.04721003e-06 -1.61408410e-08  1.07627337e-09]
 [-5.94581688e-01 -9.42655411e-02 -2.26402322e-13 -8.31671062e-01
  -2.04002256e-01 -1.83669770e-15  7.70930639e-16 -3.16128141e-01
  -2.10420063e-06 -1.59792834e-08  9.98214034e-10]
 [-8.53323911e-01 -7.12390269e-02 -2.37820516e-13 -4.73768976e-01
  -1.04071598e-01 -1.88284792e-15  8.01657867e-16 -2.03485030e-01
  -2.23737108e-06 -1.59792834e-08  9.98214034e-10]
 [-5.85999614e-01 -5.26939402e-02 -2.44393528e-13 -5.22446453e-01
  -1.32990112e-01 -1.94742166e-15  8.52944060e-16 -2.70419310e-01
  -2.16262027e-06 -1.59792834e-08  9.98214034e-10]
 [-5.34687786e-01 -4.47527680e-02 -2.47956882e-13 -6.33434502e-01
  -1.41932638e-01 -1.83669770e-15  8.52944060e-16 -2.91730202e-01
  -2.13661748e-06 -1.59792834e-08  9.98214034e-10]
 [-4.81130640e-01 -6.26731989e-02 -2.28980078e-13 -6.02733780e-01
  -9.75657888e-02 -1.83669770e-15  8.52944060e-16 -2.92881656e-01
  -2.04721003e-06 -1.65153147e-08  1.01875353e-09]
 [-5.78321996e-01 -6.42807397e-02 -2.28980078e-13 -5.80264995e-01
  -1.31142086e-01 -1.83669770e-15  8.52944060e-16 -3.04985025e-01
  -2.04721003e-06 -1.59792834e-08  9.98214034e-10]
 [-7.56463932e-01 -9.32948923e-02 -2.41964390e-13 -8.25898802e-01
  -2.26888745e-01 -1.67781286e-15  8.52944060e-16 -3.21418189e-01
  -2.04721003e-06 -1.59792834e-08  9.98214034e-10]]

....>>>>>....

XXXX-XXXX
Russian Roullette begins >>>


----
[ 0.00000000e+00 -1.45799022e-12 -2.28980078e-13  4.62010753e-11
 -1.75214813e-10 -1.83669770e-15  8.52944060e-16  2.29423303e-05
 -2.04721003e-06 -1.59792834e-08  9.98214034e-10]x[-5.91434701e-01 -3.97950327e-02 -2.27355226e-13 -2.17232732e-01
 -5.29081901e-02 -1.83669770e-15  8.52944060e-16 -1.17059380e-01
 -2.15460481e-06 -1.59792834e-08  1.09155729e-09]---->
[-3.60004336e-01 -2.28131857e-02 -2.27504808e-13 -1.94782225e-01
 -3.94757108e-02 -1.83669770e-15  8.52944060e-16 -1.16820196e-01
 -2.15850899e-06 -1.59792834e-08  9.86043945e-10]+[-6.50116809e-01 -3.11429683e-02 -2.27502635e-13 -2.05676877e-01
 -4.45687009e-02 -1.83669770e-15  8.52944060e-16 -1.27333506e-01
 -2.12130483e-06 -1.59792834e-08  9.77260227e-10]
----


----
[ 0.00000000e+00 -1.45799022e-12 -2.28980078e-13  4.62010753e-11
 -1.75214813e-10 -1.83669770e-15  8.52944060e-16  2.29423303e-05
 -2.04721003e-06 -1.59792834e-08  9.98214034e-10]x[-5.91434701e-01 -3.97950327e-02 -2.27355226e-13 -2.17232732e-01
 -5.29081901e-02 -1.83669770e-15  8.52944060e-16 -1.17059380e-01
 -2.15460481e-06 -1.59792834e-08  1.09155729e-09]---->
[-4.41739130e-01 -2.63309365e-02 -2.28134572e-13 -1.39928442e-01
 -4.92083619e-02 -1.83669770e-15  8.52944060e-16 -7.45644038e-02
 -2.14952078e-06 -1.59792834e-08  1.08318037e-09]+[-3.90023717e-01 -3.95956630e-02 -2.29129953e-13 -1.44363198e-01
 -3.58647323e-02 -1.83669770e-15  8.52944060e-16 -9.86221903e-02
 -2.13934404e-06 -1.59792834e-08  1.03641147e-09]
----


----
[ 0.00000000e+00 -1.45799022e-12 -2.28980078e-13  4.62010753e-11
 -1.75214813e-10 -1.83669770e-15  8.52944060e-16  2.29423303e-05
 -2.04721003e-06 -1.59792834e-08  9.98214034e-10]x[-5.91434701e-01 -3.97950327e-02 -2.27355226e-13 -2.17232732e-01
 -5.29081901e-02 -1.83669770e-15  8.52944060e-16 -1.17059380e-01
 -2.15460481e-06 -1.59792834e-08  1.09155729e-09]---->
[-6.26008602e-01 -2.41335120e-02 -2.29452719e-13 -1.93389950e-01
 -2.67714905e-02 -1.83669770e-15  8.52944060e-16 -1.20793070e-01
 -2.14916458e-06 -1.59792834e-08  1.01952408e-09]+[-5.99986303e-01 -2.31888303e-02 -2.29741280e-13 -1.35681497e-01
 -5.62142789e-02 -1.83669770e-15  8.52944060e-16 -8.49830013e-02
 -2.13099160e-06 -1.59792834e-08  1.05414801e-09]
----


----
[ 0.00000000e+00 -1.45799022e-12 -2.28980078e-13  4.62010753e-11
 -1.75214813e-10 -1.83669770e-15  8.52944060e-16  2.29423303e-05
 -2.04721003e-06 -1.59792834e-08  9.98214034e-10]x[-5.91434701e-01 -3.97950327e-02 -2.27355226e-13 -2.17232732e-01
 -5.29081901e-02 -1.83669770e-15  8.52944060e-16 -1.17059380e-01
 -2.15460481e-06 -1.59792834e-08  1.09155729e-09]---->
[-1.13010097e+00 -6.61835652e-02 -2.27386295e-13 -2.97066593e-01
 -9.58949462e-02 -1.83669770e-15  8.52944060e-16 -1.00590159e-01
 -2.18371488e-06 -1.59792834e-08  1.04936696e-09]+[-6.49366170e-01 -5.68598222e-02 -2.27315890e-13 -2.86354912e-01
 -5.03877813e-02 -1.83669770e-15  8.52944060e-16 -1.24122826e-01
 -2.17103838e-06 -1.59792834e-08  1.14784198e-09]
----


----
[ 0.00000000e+00 -1.45799022e-12 -2.28980078e-13  4.62010753e-11
 -1.75214813e-10 -1.83669770e-15  8.52944060e-16  2.29423303e-05
 -2.04721003e-06 -1.59792834e-08  9.98214034e-10]x[-5.91434701e-01 -3.97950327e-02 -2.27355226e-13 -2.17232732e-01
 -5.29081901e-02 -1.83669770e-15  8.52944060e-16 -1.17059380e-01
 -2.15460481e-06 -1.59792834e-08  1.09155729e-09]---->
[-9.17860990e-01 -5.93599953e-02 -2.25887454e-13 -3.17741459e-01
 -9.73894052e-02 -1.83669770e-15  8.52944060e-16 -1.42045757e-01
 -2.21210434e-06 -1.59792834e-08  1.06239966e-09]+[-6.41010794e-01 -6.91797964e-02 -2.27319138e-13 -2.86566625e-01
 -5.02377824e-02 -1.83669770e-15  8.52944060e-16 -2.09701497e-01
 -2.20791225e-06 -1.59792834e-08  1.12090685e-09]
----


----
[ 0.00000000e+00 -1.45799022e-12 -2.28980078e-13  4.62010753e-11
 -1.75214813e-10 -1.83669770e-15  8.52944060e-16  2.29423303e-05
 -2.04721003e-06 -1.59792834e-08  9.98214034e-10]x[-5.91434701e-01 -3.97950327e-02 -2.27355226e-13 -2.17232732e-01
 -5.29081901e-02 -1.83669770e-15  8.52944060e-16 -1.17059380e-01
 -2.15460481e-06 -1.59792834e-08  1.09155729e-09]---->
[-3.36189101e-01 -2.50228614e-02 -2.26903530e-13 -6.96161704e-02
 -1.47619027e-02 -1.83669770e-15  8.52944060e-16 -1.16231528e-01
 -2.18893839e-06 -1.59792834e-08  9.82967920e-10]+[-7.52357089e-01 -2.14832978e-02 -2.26344081e-13 -3.42848128e-01
 -6.54595689e-02 -1.83669770e-15  8.52944060e-16 -1.10573486e-01
 -2.11967569e-06 -1.59792834e-08  9.86842839e-10]
----


----
[ 0.00000000e+00 -1.45799022e-12 -2.28980078e-13  4.62010753e-11
 -1.75214813e-10 -1.83669770e-15  8.52944060e-16  2.29423303e-05
 -2.04721003e-06 -1.59792834e-08  9.98214034e-10]x[-5.91434701e-01 -3.97950327e-02 -2.27355226e-13 -2.17232732e-01
 -5.29081901e-02 -1.83669770e-15  8.52944060e-16 -1.17059380e-01
 -2.15460481e-06 -1.59792834e-08  1.09155729e-09]---->
[-1.94288199e-01 -3.96312411e-02 -2.29330092e-13 -1.86113464e-01
 -4.18204894e-02 -1.83669770e-15  8.52944060e-16 -1.13950687e-01
 -2.12141422e-06 -1.59792834e-08  1.09410919e-09]+[-2.23084928e-01 -4.40793654e-02 -2.29794892e-13 -2.12983716e-01
 -1.98107422e-02 -1.83669770e-15  8.52944060e-16 -1.38948763e-01
 -2.13693082e-06 -1.59792834e-08  1.07128222e-09]
----


----
[ 0.00000000e+00 -1.45799022e-12 -2.28980078e-13  4.62010753e-11
 -1.75214813e-10 -1.83669770e-15  8.52944060e-16  2.29423303e-05
 -2.04721003e-06 -1.59792834e-08  9.98214034e-10]x[-5.91434701e-01 -3.97950327e-02 -2.27355226e-13 -2.17232732e-01
 -5.29081901e-02 -1.83669770e-15  8.52944060e-16 -1.17059380e-01
 -2.15460481e-06 -1.59792834e-08  1.09155729e-09]---->
[-1.12823712e+00 -5.32935139e-02 -2.28788424e-13 -1.53393366e-01
 -7.09233728e-02 -1.83669770e-15  8.52944060e-16 -1.87701018e-01
 -2.18161900e-06 -1.59792834e-08  1.15296135e-09]+[-5.64100760e-01 -4.81915924e-02 -2.26163290e-13 -3.71697004e-01
 -8.26343422e-02 -1.83669770e-15  8.52944060e-16 -9.29890937e-02
 -2.14091002e-06 -1.59792834e-08  1.15905736e-09]
----


Roullette Ends
XXXX-XXXX


Errors:>>

XXXXX-----XXXXX
kid: [-3.60004336e-01 -2.49771479e-02 -2.27504808e-13 -1.77427542e-01
 -4.09213197e-02 -1.83669770e-15  8.52944060e-16 -1.16820196e-01
 -2.15850899e-06 -1.57004204e-08  9.02827142e-10] train error: 4.8807414760963585e+20, validation error: 9.538099186379006e+20

kid: [-7.14936303e-01 -3.24211144e-02 -2.18898262e-13 -2.05676877e-01
 -4.45687009e-02 -1.83669770e-15  8.52944060e-16 -1.27333506e-01
 -1.96050014e-06 -1.68112098e-08  9.77260227e-10] train error: 5.797132167785959e+20, validation error: 1.1328848748622549e+21

kid: [-4.27232527e-01 -2.56243201e-02 -2.28134572e-13 -1.39928442e-01
 -4.92083619e-02 -1.83992353e-15  8.52944060e-16 -7.45644038e-02
 -2.14952078e-06 -1.47805808e-08  1.09260174e-09] train error: 1.98794928674944e+20, validation error: 3.884842496587198e+20

kid: [-3.77005380e-01 -3.95956630e-02 -2.37920736e-13 -1.44363198e-01
 -3.58647323e-02 -1.83669770e-15  8.52944060e-16 -9.63111147e-02
 -2.32472086e-06 -1.59792834e-08  1.08735993e-09] train error: 3.317084986593446e+20, validation error: 6.482333013532441e+20

kid: [-5.81181012e-01 -2.50768406e-02 -2.29452719e-13 -1.93389950e-01
 -2.67714905e-02 -1.83669770e-15  8.52944060e-16 -1.28902279e-01
 -2.14916458e-06 -1.48488898e-08  1.11717133e-09] train error: 5.939794963512501e+20, validation error: 1.1607677969215943e+21

kid: [-5.99986303e-01 -2.31888303e-02 -2.31574077e-13 -1.43237763e-01
 -5.62142789e-02 -1.83669770e-15  8.52944060e-16 -8.49830013e-02
 -2.33940041e-06 -1.70208464e-08  1.10633064e-09] train error: 2.5829235780299837e+20, validation error: 5.04760364991546e+20

kid: [-1.02454701e+00 -6.61835652e-02 -2.27386295e-13 -2.97066593e-01
 -9.58949462e-02 -1.73456798e-15  9.09969543e-16 -9.27153415e-02
 -2.02035089e-06 -1.59792834e-08  1.04936696e-09] train error: 3.073454874517371e+20, validation error: 6.006162016363593e+20

kid: [-5.93525405e-01 -5.68598222e-02 -2.14131655e-13 -2.96715115e-01
 -5.03877813e-02 -1.83669770e-15  7.76465614e-16 -1.24122826e-01
 -2.17103838e-06 -1.59792834e-08  1.24480974e-09] train error: 5.506641710010159e+20, validation error: 1.076116137879739e+21

kid: [-9.45248098e-01 -5.98753855e-02 -2.25887454e-13 -3.17741459e-01
 -1.03531337e-01 -1.83669770e-15  8.52944060e-16 -1.29981904e-01
 -2.21210434e-06 -1.54044311e-08  1.06239966e-09] train error: 6.04069641284165e+20, validation error: 1.1804923254215872e+21

kid: [-6.41010794e-01 -7.33870669e-02 -2.27319138e-13 -2.86566625e-01
 -5.39140139e-02 -1.83669770e-15  9.26668395e-16 -2.13402236e-01
 -2.22291461e-06 -1.59792834e-08  1.12090685e-09] train error: 1.6279420190894066e+21, validation error: 3.1813915944651724e+21

kid: [-3.36189101e-01 -2.45142741e-02 -2.26903530e-13 -6.96161704e-02
 -1.47619027e-02 -2.01004488e-15  8.65755069e-16 -1.22917535e-01
 -2.18893839e-06 -1.59792834e-08  9.01975734e-10] train error: 5.403564450702405e+20, validation error: 1.0559806770528007e+21

kid: [-7.18601319e-01 -2.14832978e-02 -2.26344081e-13 -3.61125092e-01
 -6.05988113e-02 -1.83669770e-15  8.52944060e-16 -1.11351069e-01
 -2.11967569e-06 -1.59792834e-08  9.12311685e-10] train error: 4.434425230071244e+20, validation error: 8.665874027134758e+20

kid: [-1.94288199e-01 -3.94897148e-02 -2.45211477e-13 -1.86113464e-01
 -4.18204894e-02 -1.66902064e-15  8.52944060e-16 -1.13950687e-01
 -2.11846840e-06 -1.59792834e-08  1.05873498e-09] train error: 4.6424785398280474e+20, validation error: 9.072435462132316e+20

kid: [-2.10375653e-01 -4.40793654e-02 -2.29794892e-13 -2.12983716e-01
 -1.98107422e-02 -1.94796352e-15  8.52944060e-16 -1.26741667e-01
 -2.27502102e-06 -1.65884833e-08  1.07128222e-09] train error: 5.743718607395287e+20, validation error: 1.1224538889653423e+21

kid: [-1.02591550e+00 -5.32935139e-02 -2.28788424e-13 -1.53393366e-01
 -7.34904513e-02 -1.83669770e-15  8.52944060e-16 -1.90222546e-01
 -2.18161900e-06 -1.65588650e-08  1.22523659e-09] train error: 1.2933632828152582e+21, validation error: 2.527533490695463e+21

kid: [-5.64100760e-01 -4.81915924e-02 -2.30380542e-13 -3.71697004e-01
 -8.49851579e-02 -1.90436256e-15  8.52944060e-16 -8.76107180e-02
 -2.14091002e-06 -1.59792834e-08  1.12467608e-09] train error: 2.7442572860127776e+20, validation error: 5.3628311198023877e+20

XXXXX-----XXXXX

Best of Children: [-6.41010794e-01 -7.33870669e-02 -2.27319138e-13 -2.86566625e-01
 -5.39140139e-02 -1.83669770e-15  9.26668395e-16 -2.13402236e-01
 -2.22291461e-06 -1.59792834e-08  1.12090685e-09]->2.526454261195929e-07

>>>>>>>>>

GENERATION : 20

Best of Pool:[-5.93525405e-01 -5.68598222e-02 -2.14131655e-13 -2.96715115e-01
 -5.03877813e-02 -1.83669770e-15  7.76465614e-16 -1.24122826e-01
 -2.17103838e-06 -1.59792834e-08  1.24480974e-09]->1832.5438724042997
Current Pool:
[[ 0.00000000e+00 -1.45799022e-12 -2.28980078e-13  4.62010753e-11
  -1.75214813e-10 -1.83669770e-15  8.52944060e-16  2.29423303e-05
  -2.04721003e-06 -1.59792834e-08  9.98214034e-10]
 [-5.91434701e-01 -3.97950327e-02 -2.27355226e-13 -2.17232732e-01
  -5.29081901e-02 -1.83669770e-15  8.52944060e-16 -1.17059380e-01
  -2.15460481e-06 -1.59792834e-08  1.09155729e-09]
 [-5.57867598e-01 -4.28741096e-02 -2.28980078e-13 -5.67820381e-01
  -6.74465053e-02 -1.99700484e-15  7.79230865e-16 -1.56228112e-01
  -2.04721003e-06 -1.59792834e-08  9.98214034e-10]
 [-9.05840078e-01 -6.84264549e-02 -2.22805303e-13 -6.06464069e-01
  -1.60112345e-01 -1.77419687e-15  8.52944060e-16 -1.59005542e-01
  -2.04721003e-06 -1.47633462e-08  9.98214034e-10]
 [-4.27232527e-01 -2.56243201e-02 -2.28134572e-13 -1.39928442e-01
  -4.92083619e-02 -1.83992353e-15  8.52944060e-16 -7.45644038e-02
  -2.14952078e-06 -1.47805808e-08  1.09260174e-09]
 [-5.99986303e-01 -2.31888303e-02 -2.31574077e-13 -1.43237763e-01
  -5.62142789e-02 -1.83669770e-15  8.52944060e-16 -8.49830013e-02
  -2.33940041e-06 -1.70208464e-08  1.10633064e-09]
 [-5.64100760e-01 -4.81915924e-02 -2.30380542e-13 -3.71697004e-01
  -8.49851579e-02 -1.90436256e-15  8.52944060e-16 -8.76107180e-02
  -2.14091002e-06 -1.59792834e-08  1.12467608e-09]
 [-1.02454701e+00 -6.61835652e-02 -2.27386295e-13 -2.97066593e-01
  -9.58949462e-02 -1.73456798e-15  9.09969543e-16 -9.27153415e-02
  -2.02035089e-06 -1.59792834e-08  1.04936696e-09]
 [-3.77005380e-01 -3.95956630e-02 -2.37920736e-13 -1.44363198e-01
  -3.58647323e-02 -1.83669770e-15  8.52944060e-16 -9.63111147e-02
  -2.32472086e-06 -1.59792834e-08  1.08735993e-09]
 [-7.18601319e-01 -2.14832978e-02 -2.26344081e-13 -3.61125092e-01
  -6.05988113e-02 -1.83669770e-15  8.52944060e-16 -1.11351069e-01
  -2.11967569e-06 -1.59792834e-08  9.12311685e-10]
 [-1.94288199e-01 -3.94897148e-02 -2.45211477e-13 -1.86113464e-01
  -4.18204894e-02 -1.66902064e-15  8.52944060e-16 -1.13950687e-01
  -2.11846840e-06 -1.59792834e-08  1.05873498e-09]
 [-3.60004336e-01 -2.49771479e-02 -2.27504808e-13 -1.77427542e-01
  -4.09213197e-02 -1.83669770e-15  8.52944060e-16 -1.16820196e-01
  -2.15850899e-06 -1.57004204e-08  9.02827142e-10]
 [-3.36189101e-01 -2.45142741e-02 -2.26903530e-13 -6.96161704e-02
  -1.47619027e-02 -2.01004488e-15  8.65755069e-16 -1.22917535e-01
  -2.18893839e-06 -1.59792834e-08  9.01975734e-10]
 [-5.93525405e-01 -5.68598222e-02 -2.14131655e-13 -2.96715115e-01
  -5.03877813e-02 -1.83669770e-15  7.76465614e-16 -1.24122826e-01
  -2.17103838e-06 -1.59792834e-08  1.24480974e-09]]

....>>>>>....

XXXX-XXXX
Russian Roullette begins >>>


----
[ 0.00000000e+00 -1.45799022e-12 -2.28980078e-13  4.62010753e-11
 -1.75214813e-10 -1.83669770e-15  8.52944060e-16  2.29423303e-05
 -2.04721003e-06 -1.59792834e-08  9.98214034e-10]x[-5.91434701e-01 -3.97950327e-02 -2.27355226e-13 -2.17232732e-01
 -5.29081901e-02 -1.83669770e-15  8.52944060e-16 -1.17059380e-01
 -2.15460481e-06 -1.59792834e-08  1.09155729e-09]---->
[-8.57708042e-01 -3.39764615e-02 -2.29446637e-13 -3.24540657e-01
 -2.04194671e-02 -1.83669770e-15  8.52944060e-16 -2.97899912e-02
 -2.18835286e-06 -1.59792834e-08  1.12240671e-09]+[-6.27188134e-01 -8.70784135e-04 -2.28534961e-13 -1.28835917e-01
 -4.23272190e-02 -1.83669770e-15  8.52944060e-16 -1.02343688e-01
 -2.12136453e-06 -1.59792834e-08  1.04391296e-09]
----


----
[ 0.00000000e+00 -1.45799022e-12 -2.28980078e-13  4.62010753e-11
 -1.75214813e-10 -1.83669770e-15  8.52944060e-16  2.29423303e-05
 -2.04721003e-06 -1.59792834e-08  9.98214034e-10]x[-5.91434701e-01 -3.97950327e-02 -2.27355226e-13 -2.17232732e-01
 -5.29081901e-02 -1.83669770e-15  8.52944060e-16 -1.17059380e-01
 -2.15460481e-06 -1.59792834e-08  1.09155729e-09]---->
[-7.26026109e-01 -4.81851881e-02 -2.27194886e-13 -3.69491113e-01
 -5.92225080e-02 -1.83669770e-15  8.52944060e-16 -1.80880703e-01
 -2.14843574e-06 -1.59792834e-08  1.02610476e-09]+[-9.47029752e-01 -5.07023968e-02 -2.28383552e-13 -2.88140587e-01
 -5.96871457e-02 -1.83669770e-15  8.52944060e-16 -1.45037913e-01
 -2.14405038e-06 -1.59792834e-08  1.00717101e-09]
----


----
[ 0.00000000e+00 -1.45799022e-12 -2.28980078e-13  4.62010753e-11
 -1.75214813e-10 -1.83669770e-15  8.52944060e-16  2.29423303e-05
 -2.04721003e-06 -1.59792834e-08  9.98214034e-10]x[-5.91434701e-01 -3.97950327e-02 -2.27355226e-13 -2.17232732e-01
 -5.29081901e-02 -1.83669770e-15  8.52944060e-16 -1.17059380e-01
 -2.15460481e-06 -1.59792834e-08  1.09155729e-09]---->
[-9.35426281e-01 -3.49794561e-02 -2.28520788e-13 -1.72732667e-01
 -3.34756865e-02 -1.83669770e-15  8.52944060e-16 -5.84061090e-02
 -2.17540693e-06 -1.59792834e-08  1.09342712e-09]+[-8.92421385e-01 -2.58090459e-02 -2.26982892e-13 -2.73964853e-01
 -8.20219239e-02 -1.83669770e-15  8.52944060e-16 -1.06007352e-01
 -2.13125874e-06 -1.59792834e-08  1.14854182e-09]
----


----
[ 0.00000000e+00 -1.45799022e-12 -2.28980078e-13  4.62010753e-11
 -1.75214813e-10 -1.83669770e-15  8.52944060e-16  2.29423303e-05
 -2.04721003e-06 -1.59792834e-08  9.98214034e-10]x[-5.91434701e-01 -3.97950327e-02 -2.27355226e-13 -2.17232732e-01
 -5.29081901e-02 -1.83669770e-15  8.52944060e-16 -1.17059380e-01
 -2.15460481e-06 -1.59792834e-08  1.09155729e-09]---->
[-7.33134604e-01 -7.01288246e-02 -2.26178412e-13 -3.28137541e-01
 -7.86527622e-02 -1.83669770e-15  8.52944060e-16 -1.65962296e-01
 -2.19848753e-06 -1.59792834e-08  1.13360946e-09]+[-8.42189159e-01 -6.87208846e-02 -2.26834669e-13 -1.34355706e-01
 -5.47375711e-02 -1.83669770e-15  8.52944060e-16 -1.34911752e-01
 -2.18496598e-06 -1.59792834e-08  1.05822131e-09]
----


----
[ 0.00000000e+00 -1.45799022e-12 -2.28980078e-13  4.62010753e-11
 -1.75214813e-10 -1.83669770e-15  8.52944060e-16  2.29423303e-05
 -2.04721003e-06 -1.59792834e-08  9.98214034e-10]x[-5.91434701e-01 -3.97950327e-02 -2.27355226e-13 -2.17232732e-01
 -5.29081901e-02 -1.83669770e-15  8.52944060e-16 -1.17059380e-01
 -2.15460481e-06 -1.59792834e-08  1.09155729e-09]---->
[-4.65643297e-01 -4.11555728e-02 -2.29446757e-13 -2.32374973e-01
 -3.82604155e-02 -1.83669770e-15  8.52944060e-16 -1.08961975e-01
 -2.14053855e-06 -1.59792834e-08  1.02714117e-09]+[-6.00410206e-01 -2.78939358e-02 -2.27754375e-13 -1.26932841e-01
 -4.63503457e-02 -1.83669770e-15  8.52944060e-16 -1.25967565e-01
 -2.14428243e-06 -1.59792834e-08  1.06710320e-09]
----


----
[ 0.00000000e+00 -1.45799022e-12 -2.28980078e-13  4.62010753e-11
 -1.75214813e-10 -1.83669770e-15  8.52944060e-16  2.29423303e-05
 -2.04721003e-06 -1.59792834e-08  9.98214034e-10]x[-5.91434701e-01 -3.97950327e-02 -2.27355226e-13 -2.17232732e-01
 -5.29081901e-02 -1.83669770e-15  8.52944060e-16 -1.17059380e-01
 -2.15460481e-06 -1.59792834e-08  1.09155729e-09]---->
[-7.04903055e-01 -2.26249600e-02 -2.29876103e-13 -9.12161849e-02
 -2.21496938e-02 -1.83669770e-15  8.52944060e-16 -1.40192543e-01
 -2.15341534e-06 -1.59792834e-08  1.02502046e-09]+[-7.09918077e-01 -5.09279237e-02 -2.27345676e-13 -6.95282640e-02
 -2.17019418e-02 -1.83669770e-15  8.52944060e-16 -1.56078844e-01
 -2.15483878e-06 -1.59792834e-08  1.00863230e-09]
----


----
[ 0.00000000e+00 -1.45799022e-12 -2.28980078e-13  4.62010753e-11
 -1.75214813e-10 -1.83669770e-15  8.52944060e-16  2.29423303e-05
 -2.04721003e-06 -1.59792834e-08  9.98214034e-10]x[-5.91434701e-01 -3.97950327e-02 -2.27355226e-13 -2.17232732e-01
 -5.29081901e-02 -1.83669770e-15  8.52944060e-16 -1.17059380e-01
 -2.15460481e-06 -1.59792834e-08  1.09155729e-09]---->
[-6.22654620e-01 -5.36871919e-02 -2.28881506e-13 -2.80187068e-01
 -5.32926214e-02 -1.83669770e-15  8.52944060e-16 -1.39367448e-01
 -2.15483407e-06 -1.59792834e-08  1.04511408e-09]+[-4.27993271e-01 -2.97316637e-02 -2.29408493e-13 -2.54636808e-01
 -7.14092835e-02 -1.83669770e-15  8.52944060e-16 -1.04405335e-01
 -2.13658358e-06 -1.59792834e-08  1.10926176e-09]
----


----
[ 0.00000000e+00 -1.45799022e-12 -2.28980078e-13  4.62010753e-11
 -1.75214813e-10 -1.83669770e-15  8.52944060e-16  2.29423303e-05
 -2.04721003e-06 -1.59792834e-08  9.98214034e-10]x[-5.91434701e-01 -3.97950327e-02 -2.27355226e-13 -2.17232732e-01
 -5.29081901e-02 -1.83669770e-15  8.52944060e-16 -1.17059380e-01
 -2.15460481e-06 -1.59792834e-08  1.09155729e-09]---->
[-7.88332757e-01 -3.54074374e-02 -2.29609303e-13 -2.72057063e-01
 -8.50485229e-02 -1.83669770e-15  8.52944060e-16 -1.50162958e-01
 -2.17105861e-06 -1.59792834e-08  1.00893156e-09]+[-5.12847995e-01 -5.95707093e-02 -2.29283163e-13 -3.25530505e-01
 -6.95684025e-02 -1.83669770e-15  8.52944060e-16 -8.02338074e-02
 -2.11190826e-06 -1.59792834e-08  1.11673015e-09]
----


Roullette Ends
XXXX-XXXX


Errors:>>

XXXXX-----XXXXX
kid: [-8.30185186e-01 -3.35388684e-02 -2.29446637e-13 -3.24540657e-01
 -2.04194671e-02 -1.82231163e-15  8.52944060e-16 -3.06745960e-02
 -2.23465162e-06 -1.59792834e-08  1.12240671e-09] train error: 3.3669784528597864e+19, validation error: 6.579451684554075e+19

kid: [-6.26986290e-01 -8.70784135e-04 -2.08241154e-13 -1.34350666e-01
 -4.23272190e-02 -1.83669770e-15  8.52944060e-16 -9.84826068e-02
 -2.12136453e-06 -1.59792834e-08  1.14801595e-09] train error: 3.467196048735246e+20, validation error: 6.775610590481196e+20

kid: [-7.26026109e-01 -4.88170380e-02 -2.27595449e-13 -3.69491113e-01
 -5.92225080e-02 -1.70001194e-15  8.52944060e-16 -1.69947793e-01
 -2.14843574e-06 -1.62010617e-08  1.02610476e-09] train error: 1.0325878707714227e+21, validation error: 2.017922970924527e+21

kid: [-9.47029752e-01 -4.96747790e-02 -2.28383552e-13 -2.85251314e-01
 -5.96871457e-02 -1.83669770e-15  8.52944060e-16 -1.39115212e-01
 -2.24139650e-06 -1.60719582e-08  1.00717101e-09] train error: 6.920116482170714e+20, validation error: 1.3523547173049724e+21

kid: [-9.35426281e-01 -3.49794561e-02 -2.26233478e-13 -1.60857020e-01
 -3.34756865e-02 -1.83669770e-15  8.24162134e-16 -5.71712996e-02
 -2.17540693e-06 -1.75125482e-08  1.09342712e-09] train error: 1.1691278821992784e+20, validation error: 2.2846802653238244e+20

kid: [-8.92421385e-01 -2.43451395e-02 -2.26982892e-13 -2.73964853e-01
 -8.20219239e-02 -1.93896685e-15  8.44591034e-16 -1.08541444e-01
 -2.03343233e-06 -1.59792834e-08  1.14854182e-09] train error: 4.2112832510645803e+20, validation error: 8.22969778886734e+20

kid: [-6.86582958e-01 -7.01288246e-02 -2.19328075e-13 -3.14491040e-01
 -7.86527622e-02 -1.83669770e-15  8.52944060e-16 -1.65962296e-01
 -1.98823420e-06 -1.49615039e-08  1.13360946e-09] train error: 9.844791661003206e+20, validation error: 1.923892351275283e+21

kid: [-8.42189159e-01 -6.59905924e-02 -2.48640874e-13 -1.23416087e-01
 -5.58668678e-02 -1.83669770e-15  8.52944060e-16 -1.34911752e-01
 -2.18496598e-06 -1.59792834e-08  1.10742180e-09] train error: 6.507012802578637e+20, validation error: 1.2716180860455564e+21

kid: [-4.65643297e-01 -4.11555728e-02 -2.34466127e-13 -2.32374973e-01
 -4.12714763e-02 -1.87157174e-15  8.52944060e-16 -1.12120458e-01
 -2.14053855e-06 -1.44588370e-08  1.02714117e-09] train error: 4.4946883488268196e+20, validation error: 8.783613710628241e+20

kid: [-6.00410206e-01 -3.01049306e-02 -2.27754375e-13 -1.28666556e-01
 -4.63503457e-02 -1.86122235e-15  8.52944060e-16 -1.15030457e-01
 -2.14428243e-06 -1.50226802e-08  1.06710320e-09] train error: 4.7307482452186615e+20, validation error: 9.24492226446016e+20

kid: [-7.04903055e-01 -2.26249600e-02 -2.13493795e-13 -8.95114771e-02
 -2.21496938e-02 -1.83669770e-15  8.18274509e-16 -1.40192543e-01
 -2.08498122e-06 -1.51213705e-08  1.02502046e-09] train error: 7.026525109059845e+20, validation error: 1.3731415964376176e+21

kid: [-6.69383103e-01 -5.09279237e-02 -2.28480073e-13 -6.95282640e-02
 -2.17019418e-02 -1.83669770e-15  8.87693192e-16 -1.61643724e-01
 -2.15483878e-06 -1.59792834e-08  9.72105184e-10] train error: 9.34223025243164e+20, validation error: 1.8256925767898303e+21

kid: [-5.68389234e-01 -4.94860804e-02 -2.28881506e-13 -2.55669835e-01
 -5.70411891e-02 -1.83669770e-15  8.52944060e-16 -1.38593408e-01
 -2.15483407e-06 -1.59792834e-08  1.04511408e-09] train error: 6.867490450665151e+20, validation error: 1.3420651870917548e+21

kid: [-4.27993271e-01 -2.79912902e-02 -2.29408493e-13 -2.56667815e-01
 -7.14092835e-02 -1.83669770e-15  8.64611475e-16 -1.07642512e-01
 -2.13658358e-06 -1.59792834e-08  1.18624099e-09] train error: 4.141841077849976e+20, validation error: 8.094025749144179e+20

kid: [-7.61424598e-01 -3.23212412e-02 -2.21454140e-13 -2.72057063e-01
 -8.50485229e-02 -1.83669770e-15  8.66802759e-16 -1.50162958e-01
 -2.17105861e-06 -1.57318539e-08  1.00893156e-09] train error: 8.062175812852768e+20, validation error: 1.5755391800923752e+21

kid: [-5.12847995e-01 -5.95707093e-02 -2.41394767e-13 -3.06949650e-01
 -6.95684025e-02 -1.83669770e-15  8.87840094e-16 -8.02338074e-02
 -2.11190826e-06 -1.53600893e-08  1.12706991e-09] train error: 2.3014535565237892e+20, validation error: 4.497487749185448e+20

XXXXX-----XXXXX

Best of Children: [-7.26026109e-01 -4.88170380e-02 -2.27595449e-13 -3.69491113e-01
 -5.92225080e-02 -1.70001194e-15  8.52944060e-16 -1.69947793e-01
 -2.14843574e-06 -1.62010617e-08  1.02610476e-09]->3.983126645444585e-07

>>>>>>>>>

GENERATION : 21

Best of Pool:[-4.65643297e-01 -4.11555728e-02 -2.34466127e-13 -2.32374973e-01
 -4.12714763e-02 -1.87157174e-15  8.52944060e-16 -1.12120458e-01
 -2.14053855e-06 -1.44588370e-08  1.02714117e-09]->1832.5438724042997
Current Pool:
[[ 0.00000000e+00 -1.45799022e-12 -2.28980078e-13  4.62010753e-11
  -1.75214813e-10 -1.83669770e-15  8.52944060e-16  2.29423303e-05
  -2.04721003e-06 -1.59792834e-08  9.98214034e-10]
 [-4.27232527e-01 -2.56243201e-02 -2.28134572e-13 -1.39928442e-01
  -4.92083619e-02 -1.83992353e-15  8.52944060e-16 -7.45644038e-02
  -2.14952078e-06 -1.47805808e-08  1.09260174e-09]
 [-5.99986303e-01 -2.31888303e-02 -2.31574077e-13 -1.43237763e-01
  -5.62142789e-02 -1.83669770e-15  8.52944060e-16 -8.49830013e-02
  -2.33940041e-06 -1.70208464e-08  1.10633064e-09]
 [-5.64100760e-01 -4.81915924e-02 -2.30380542e-13 -3.71697004e-01
  -8.49851579e-02 -1.90436256e-15  8.52944060e-16 -8.76107180e-02
  -2.14091002e-06 -1.59792834e-08  1.12467608e-09]
 [-8.30185186e-01 -3.35388684e-02 -2.29446637e-13 -3.24540657e-01
  -2.04194671e-02 -1.82231163e-15  8.52944060e-16 -3.06745960e-02
  -2.23465162e-06 -1.59792834e-08  1.12240671e-09]
 [-9.35426281e-01 -3.49794561e-02 -2.26233478e-13 -1.60857020e-01
  -3.34756865e-02 -1.83669770e-15  8.24162134e-16 -5.71712996e-02
  -2.17540693e-06 -1.75125482e-08  1.09342712e-09]
 [-5.12847995e-01 -5.95707093e-02 -2.41394767e-13 -3.06949650e-01
  -6.95684025e-02 -1.83669770e-15  8.87840094e-16 -8.02338074e-02
  -2.11190826e-06 -1.53600893e-08  1.12706991e-09]
 [-6.26986290e-01 -8.70784135e-04 -2.08241154e-13 -1.34350666e-01
  -4.23272190e-02 -1.83669770e-15  8.52944060e-16 -9.84826068e-02
  -2.12136453e-06 -1.59792834e-08  1.14801595e-09]
 [-1.02454701e+00 -6.61835652e-02 -2.27386295e-13 -2.97066593e-01
  -9.58949462e-02 -1.73456798e-15  9.09969543e-16 -9.27153415e-02
  -2.02035089e-06 -1.59792834e-08  1.04936696e-09]
 [-3.77005380e-01 -3.95956630e-02 -2.37920736e-13 -1.44363198e-01
  -3.58647323e-02 -1.83669770e-15  8.52944060e-16 -9.63111147e-02
  -2.32472086e-06 -1.59792834e-08  1.08735993e-09]
 [-4.27993271e-01 -2.79912902e-02 -2.29408493e-13 -2.56667815e-01
  -7.14092835e-02 -1.83669770e-15  8.64611475e-16 -1.07642512e-01
  -2.13658358e-06 -1.59792834e-08  1.18624099e-09]
 [-8.92421385e-01 -2.43451395e-02 -2.26982892e-13 -2.73964853e-01
  -8.20219239e-02 -1.93896685e-15  8.44591034e-16 -1.08541444e-01
  -2.03343233e-06 -1.59792834e-08  1.14854182e-09]
 [-7.18601319e-01 -2.14832978e-02 -2.26344081e-13 -3.61125092e-01
  -6.05988113e-02 -1.83669770e-15  8.52944060e-16 -1.11351069e-01
  -2.11967569e-06 -1.59792834e-08  9.12311685e-10]
 [-4.65643297e-01 -4.11555728e-02 -2.34466127e-13 -2.32374973e-01
  -4.12714763e-02 -1.87157174e-15  8.52944060e-16 -1.12120458e-01
  -2.14053855e-06 -1.44588370e-08  1.02714117e-09]]

....>>>>>....

XXXX-XXXX
Russian Roullette begins >>>


----
[ 0.00000000e+00 -1.45799022e-12 -2.28980078e-13  4.62010753e-11
 -1.75214813e-10 -1.83669770e-15  8.52944060e-16  2.29423303e-05
 -2.04721003e-06 -1.59792834e-08  9.98214034e-10]x[-4.27232527e-01 -2.56243201e-02 -2.28134572e-13 -1.39928442e-01
 -4.92083619e-02 -1.83992353e-15  8.52944060e-16 -7.45644038e-02
 -2.14952078e-06 -1.47805808e-08  1.09260174e-09]---->
[-7.26885067e-01 -4.16446375e-02 -2.29243562e-13 -1.90827560e-01
 -6.89109346e-02 -1.83885375e-15  8.52944060e-16 -4.14560931e-02
 -2.15318180e-06 -1.41242858e-08  1.15042839e-09]+[-5.70663165e-01 -3.55771621e-02 -2.27839380e-13 -8.06423902e-02
 -5.95441745e-02 -1.84127679e-15  8.52944060e-16 -7.06559408e-02
 -2.13647292e-06 -1.45717957e-08  9.82795429e-10]
----


----
[ 0.00000000e+00 -1.45799022e-12 -2.28980078e-13  4.62010753e-11
 -1.75214813e-10 -1.83669770e-15  8.52944060e-16  2.29423303e-05
 -2.04721003e-06 -1.59792834e-08  9.98214034e-10]x[-4.27232527e-01 -2.56243201e-02 -2.28134572e-13 -1.39928442e-01
 -4.92083619e-02 -1.83992353e-15  8.52944060e-16 -7.45644038e-02
 -2.14952078e-06 -1.47805808e-08  1.09260174e-09]---->
[-3.98962127e-01 -2.04229608e-02 -2.29144408e-13 -1.24514692e-01
 -4.06919216e-02 -1.83980900e-15  8.52944060e-16 -6.69251748e-02
 -2.12911056e-06 -1.61521087e-08  1.04984510e-09]+[-3.64862228e-01 -2.48513146e-02 -2.28460236e-13 -1.30436361e-01
 -4.03520041e-02 -1.83921158e-15  8.52944060e-16 -6.79599652e-02
 -2.15690195e-06 -1.58657201e-08  1.08231167e-09]
----


----
[ 0.00000000e+00 -1.45799022e-12 -2.28980078e-13  4.62010753e-11
 -1.75214813e-10 -1.83669770e-15  8.52944060e-16  2.29423303e-05
 -2.04721003e-06 -1.59792834e-08  9.98214034e-10]x[-4.27232527e-01 -2.56243201e-02 -2.28134572e-13 -1.39928442e-01
 -4.92083619e-02 -1.83992353e-15  8.52944060e-16 -7.45644038e-02
 -2.14952078e-06 -1.47805808e-08  1.09260174e-09]---->
[-3.63146046e-01 -2.89382333e-02 -2.27879213e-13 -7.37609323e-02
 -2.67649335e-02 -1.83913242e-15  8.52944060e-16 -9.38236705e-02
 -2.10466338e-06 -1.51111249e-08  1.09526210e-09]+[-5.70599628e-01 -3.31866633e-02 -2.28691394e-13 -1.90413887e-01
 -6.65072830e-02 -1.83904002e-15  8.52944060e-16 -6.48292562e-02
 -2.10061842e-06 -1.56981507e-08  1.07188988e-09]
----


----
[ 0.00000000e+00 -1.45799022e-12 -2.28980078e-13  4.62010753e-11
 -1.75214813e-10 -1.83669770e-15  8.52944060e-16  2.29423303e-05
 -2.04721003e-06 -1.59792834e-08  9.98214034e-10]x[-4.27232527e-01 -2.56243201e-02 -2.28134572e-13 -1.39928442e-01
 -4.92083619e-02 -1.83992353e-15  8.52944060e-16 -7.45644038e-02
 -2.14952078e-06 -1.47805808e-08  1.09260174e-09]---->
[-3.75904710e-01 -1.53103567e-02 -2.28731300e-13 -1.36760567e-01
 -3.27343522e-02 -1.83909064e-15  8.52944060e-16 -5.81644398e-02
 -2.14679203e-06 -1.60913364e-08  1.00528116e-09]+[-4.08636482e-01 -2.29389750e-02 -2.28544575e-13 -9.28837830e-02
 -3.45279968e-02 -1.83851195e-15  8.52944060e-16 -5.40372007e-02
 -2.10555717e-06 -1.51622121e-08  1.04776831e-09]
----


----
[ 0.00000000e+00 -1.45799022e-12 -2.28980078e-13  4.62010753e-11
 -1.75214813e-10 -1.83669770e-15  8.52944060e-16  2.29423303e-05
 -2.04721003e-06 -1.59792834e-08  9.98214034e-10]x[-4.27232527e-01 -2.56243201e-02 -2.28134572e-13 -1.39928442e-01
 -4.92083619e-02 -1.83992353e-15  8.52944060e-16 -7.45644038e-02
 -2.14952078e-06 -1.47805808e-08  1.09260174e-09]---->
[-4.13454982e-01 -1.36108082e-02 -2.28428645e-13 -1.63680876e-01
 -2.39946835e-02 -1.83948191e-15  8.52944060e-16 -3.78186354e-02
 -2.16481280e-06 -1.60305547e-08  1.04896679e-09]+[-4.07318051e-01 -2.33857957e-02 -2.28687664e-13 -1.71439381e-01
 -5.95193865e-02 -1.84061308e-15  8.52944060e-16 -4.76418268e-02
 -2.10128585e-06 -1.62296432e-08  1.08887630e-09]
----


----
[ 0.00000000e+00 -1.45799022e-12 -2.28980078e-13  4.62010753e-11
 -1.75214813e-10 -1.83669770e-15  8.52944060e-16  2.29423303e-05
 -2.04721003e-06 -1.59792834e-08  9.98214034e-10]x[-4.27232527e-01 -2.56243201e-02 -2.28134572e-13 -1.39928442e-01
 -4.92083619e-02 -1.83992353e-15  8.52944060e-16 -7.45644038e-02
 -2.14952078e-06 -1.47805808e-08  1.09260174e-09]---->
[-5.97995044e-01 -3.37483754e-02 -2.28513397e-13 -2.03952198e-01
 -6.81073945e-02 -1.84088607e-15  8.52944060e-16 -7.90468311e-02
 -2.18669229e-06 -1.57630945e-08  1.11678397e-09]+[-3.70506294e-01 -3.40443048e-02 -2.27747447e-13 -1.54700276e-01
 -4.46771666e-02 -1.84115935e-15  8.52944060e-16 -1.03216145e-01
 -2.17375638e-06 -1.46764291e-08  1.03803553e-09]
----


----
[ 0.00000000e+00 -1.45799022e-12 -2.28980078e-13  4.62010753e-11
 -1.75214813e-10 -1.83669770e-15  8.52944060e-16  2.29423303e-05
 -2.04721003e-06 -1.59792834e-08  9.98214034e-10]x[-4.27232527e-01 -2.56243201e-02 -2.28134572e-13 -1.39928442e-01
 -4.92083619e-02 -1.83992353e-15  8.52944060e-16 -7.45644038e-02
 -2.14952078e-06 -1.47805808e-08  1.09260174e-09]---->
[-4.42667336e-01 -2.70145115e-02 -2.29097993e-13 -1.49132744e-01
 -4.58282984e-02 -1.83837720e-15  8.52944060e-16 -8.90511469e-02
 -2.15667871e-06 -1.43730620e-08  1.10017582e-09]+[-4.86951240e-01 -3.12820424e-02 -2.29379605e-13 -1.92136240e-01
 -6.04382496e-02 -1.84109290e-15  8.52944060e-16 -7.75472458e-02
 -2.15249561e-06 -1.60344377e-08  1.12355540e-09]
----


----
[ 0.00000000e+00 -1.45799022e-12 -2.28980078e-13  4.62010753e-11
 -1.75214813e-10 -1.83669770e-15  8.52944060e-16  2.29423303e-05
 -2.04721003e-06 -1.59792834e-08  9.98214034e-10]x[-4.27232527e-01 -2.56243201e-02 -2.28134572e-13 -1.39928442e-01
 -4.92083619e-02 -1.83992353e-15  8.52944060e-16 -7.45644038e-02
 -2.14952078e-06 -1.47805808e-08  1.09260174e-09]---->
[-4.83318842e-01 -8.34902014e-03 -2.29607538e-13 -1.56781737e-01
 -2.52521801e-02 -1.84070735e-15  8.52944060e-16 -1.81022318e-02
 -2.10277104e-06 -1.44187133e-08  1.03525594e-09]+[-4.57367897e-01 -2.68559696e-02 -2.29137247e-13 -7.42307220e-02
 -3.38775789e-02 -1.84013978e-15  8.52944060e-16 -1.87559507e-02
 -2.15081782e-06 -1.60792217e-08  1.08223400e-09]
----


Roullette Ends
XXXX-XXXX


Errors:>>

XXXXX-----XXXXX
kid: [-7.26885067e-01 -4.16446375e-02 -2.32481033e-13 -1.85848272e-01
 -6.91030740e-02 -1.83885375e-15  8.52944060e-16 -4.14560931e-02
 -2.15318180e-06 -1.29829479e-08  1.19931246e-09] train error: 6.142380177561739e+19, validation error: 1.2003012262891412e+20

kid: [-6.03739426e-01 -3.75523630e-02 -2.18861338e-13 -8.18225872e-02
 -5.95441745e-02 -1.84127679e-15  8.52944060e-16 -7.14808451e-02
 -2.13647292e-06 -1.45717957e-08  9.82795429e-10] train error: 1.8275165680929197e+20, validation error: 3.5713389335114324e+20

kid: [-3.82996220e-01 -1.94510565e-02 -2.29144408e-13 -1.24514692e-01
 -4.06919216e-02 -1.83980900e-15  8.52944060e-16 -6.54403446e-02
 -2.13011509e-06 -1.72579466e-08  1.04984510e-09] train error: 1.5317307222576238e+20, validation error: 2.993285773186887e+20

kid: [-3.64862228e-01 -2.48513146e-02 -2.28460236e-13 -1.37539848e-01
 -4.03520041e-02 -1.98537563e-15  8.36153067e-16 -6.79599652e-02
 -2.35003012e-06 -1.58657201e-08  1.11993097e-09] train error: 1.6518886441494462e+20, validation error: 3.228127183388233e+20

kid: [-3.51936317e-01 -2.89382333e-02 -2.31608281e-13 -7.41705462e-02
 -2.67649335e-02 -1.83913242e-15  8.43857459e-16 -1.00182510e-01
 -2.10466338e-06 -1.51111249e-08  1.09526210e-09] train error: 3.588111797086677e+20, validation error: 7.01191571024452e+20

kid: [-5.70599628e-01 -3.47470257e-02 -2.28691394e-13 -1.97184975e-01
 -6.38832418e-02 -1.68951534e-15  7.76846176e-16 -6.48292562e-02
 -2.10061842e-06 -1.56981507e-08  1.07188988e-09] train error: 1.5029180835864176e+20, validation error: 2.9369857619270156e+20

kid: [-3.75904710e-01 -1.66657487e-02 -2.51138681e-13 -1.32257792e-01
 -3.46056694e-02 -1.83909064e-15  8.52944060e-16 -5.81644398e-02
 -2.25172995e-06 -1.60913364e-08  1.00528116e-09] train error: 1.2104886317790216e+20, validation error: 2.3655371300368643e+20

kid: [-4.08636482e-01 -2.46802342e-02 -2.28544575e-13 -8.57451853e-02
 -3.70515381e-02 -1.83851195e-15  8.52944060e-16 -5.40372007e-02
 -2.30025571e-06 -1.55620141e-08  1.04776831e-09] train error: 1.0447442639389829e+20, validation error: 2.0416377456836375e+20

kid: [-4.13454982e-01 -1.36108082e-02 -2.43077369e-13 -1.61212006e-01
 -2.39946835e-02 -1.97603663e-15  8.52944060e-16 -3.78186354e-02
 -2.16481280e-06 -1.56026061e-08  1.14483258e-09] train error: 5.1151429341101875e+19, validation error: 9.995545409974654e+19

kid: [-4.09244675e-01 -2.42697794e-02 -2.28687664e-13 -1.71439381e-01
 -5.56798852e-02 -1.84061308e-15  8.52944060e-16 -4.76418268e-02
 -2.10128585e-06 -1.62653210e-08  1.13627442e-09] train error: 8.116247208988256e+19, validation error: 1.586029325529355e+20

kid: [-5.97995044e-01 -3.50301918e-02 -2.36786505e-13 -2.07611643e-01
 -6.81073945e-02 -1.84088607e-15  7.91841215e-16 -7.90468311e-02
 -2.18669229e-06 -1.70353467e-08  1.11678397e-09] train error: 2.234344576504345e+20, validation error: 4.366357930200531e+20

kid: [-3.70506294e-01 -3.40443048e-02 -2.27019075e-13 -1.54700276e-01
 -4.31891541e-02 -1.84115935e-15  8.52944060e-16 -1.05621253e-01
 -2.17375638e-06 -1.35718366e-08  1.06401689e-09] train error: 3.988454059499198e+20, validation error: 7.794317023089689e+20

kid: [-4.53786272e-01 -2.70145115e-02 -2.27627278e-13 -1.53910428e-01
 -4.58282984e-02 -1.97985912e-15  8.52944060e-16 -8.90511469e-02
 -2.15667871e-06 -1.43730620e-08  1.05905963e-09] train error: 2.8354741110133113e+20, validation error: 5.541099347436468e+20

kid: [-4.86951240e-01 -3.12820424e-02 -2.29379605e-13 -1.90981431e-01
 -6.04382496e-02 -1.69021288e-15  8.13843895e-16 -7.76674101e-02
 -2.35683662e-06 -1.60344377e-08  1.12355540e-09] train error: 2.1572973924585262e+20, validation error: 4.2158432452735703e+20

kid: [-5.09550884e-01 -8.34902014e-03 -2.29607538e-13 -1.56781737e-01
 -2.52521801e-02 -1.75002853e-15  8.52944060e-16 -1.69727885e-02
 -2.18447543e-06 -1.44187133e-08  9.38981383e-10] train error: 1.0334952345687824e+19, validation error: 2.019513614638834e+19

kid: [-4.57367897e-01 -2.65145903e-02 -2.29137247e-13 -7.42307220e-02
 -3.07149403e-02 -1.76868390e-15  8.52944060e-16 -1.70455350e-02
 -2.15081782e-06 -1.60792217e-08  1.01945282e-09] train error: 1.0415840866617135e+19, validation error: 2.0352588549194736e+19

XXXXX-----XXXXX

Best of Children: [-3.70506294e-01 -3.40443048e-02 -2.27019075e-13 -1.54700276e-01
 -4.31891541e-02 -1.84115935e-15  8.52944060e-16 -1.05621253e-01
 -2.17375638e-06 -1.35718366e-08  1.06401689e-09]->1.031220350284161e-06
XXXXXXX--NEXT TIME---XXXXXX
Parents:
[[ 0.00000000e+00 -1.45799022e-12 -2.28980078e-13  4.62010753e-11
  -1.75214813e-10 -1.83669770e-15  8.52944060e-16  2.29423303e-05
  -2.04721003e-06 -1.59792834e-08  9.98214034e-10]
 [-8.30185186e-01 -3.35388684e-02 -2.29446637e-13 -3.24540657e-01
  -2.04194671e-02 -1.82231163e-15  8.52944060e-16 -3.06745960e-02
  -2.23465162e-06 -1.59792834e-08  1.12240671e-09]
 [-9.35426281e-01 -3.49794561e-02 -2.26233478e-13 -1.60857020e-01
  -3.34756865e-02 -1.83669770e-15  8.24162134e-16 -5.71712996e-02
  -2.17540693e-06 -1.75125482e-08  1.09342712e-09]
 [-4.27232527e-01 -2.56243201e-02 -2.28134572e-13 -1.39928442e-01
  -4.92083619e-02 -1.83992353e-15  8.52944060e-16 -7.45644038e-02
  -2.14952078e-06 -1.47805808e-08  1.09260174e-09]
 [-5.12847995e-01 -5.95707093e-02 -2.41394767e-13 -3.06949650e-01
  -6.95684025e-02 -1.83669770e-15  8.87840094e-16 -8.02338074e-02
  -2.11190826e-06 -1.53600893e-08  1.12706991e-09]
 [-5.99986303e-01 -2.31888303e-02 -2.31574077e-13 -1.43237763e-01
  -5.62142789e-02 -1.83669770e-15  8.52944060e-16 -8.49830013e-02
  -2.33940041e-06 -1.70208464e-08  1.10633064e-09]
 [-5.64100760e-01 -4.81915924e-02 -2.30380542e-13 -3.71697004e-01
  -8.49851579e-02 -1.90436256e-15  8.52944060e-16 -8.76107180e-02
  -2.14091002e-06 -1.59792834e-08  1.12467608e-09]
 [-1.02454701e+00 -6.61835652e-02 -2.27386295e-13 -2.97066593e-01
  -9.58949462e-02 -1.73456798e-15  9.09969543e-16 -9.27153415e-02
  -2.02035089e-06 -1.59792834e-08  1.04936696e-09]
 [-3.77005380e-01 -3.95956630e-02 -2.37920736e-13 -1.44363198e-01
  -3.58647323e-02 -1.83669770e-15  8.52944060e-16 -9.63111147e-02
  -2.32472086e-06 -1.59792834e-08  1.08735993e-09]
 [-6.26986290e-01 -8.70784135e-04 -2.08241154e-13 -1.34350666e-01
  -4.23272190e-02 -1.83669770e-15  8.52944060e-16 -9.84826068e-02
  -2.12136453e-06 -1.59792834e-08  1.14801595e-09]
 [-4.27993271e-01 -2.79912902e-02 -2.29408493e-13 -2.56667815e-01
  -7.14092835e-02 -1.83669770e-15  8.64611475e-16 -1.07642512e-01
  -2.13658358e-06 -1.59792834e-08  1.18624099e-09]
 [-8.92421385e-01 -2.43451395e-02 -2.26982892e-13 -2.73964853e-01
  -8.20219239e-02 -1.93896685e-15  8.44591034e-16 -1.08541444e-01
  -2.03343233e-06 -1.59792834e-08  1.14854182e-09]
 [-7.18601319e-01 -2.14832978e-02 -2.26344081e-13 -3.61125092e-01
  -6.05988113e-02 -1.83669770e-15  8.52944060e-16 -1.11351069e-01
  -2.11967569e-06 -1.59792834e-08  9.12311685e-10]
 [-4.65643297e-01 -4.11555728e-02 -2.34466127e-13 -2.32374973e-01
  -4.12714763e-02 -1.87157174e-15  8.52944060e-16 -1.12120458e-01
  -2.14053855e-06 -1.44588370e-08  1.02714117e-09]]
Children:
[[-5.09550884e-01 -8.34902014e-03 -2.29607538e-13 -1.56781737e-01
  -2.52521801e-02 -1.75002853e-15  8.52944060e-16 -1.69727885e-02
  -2.18447543e-06 -1.44187133e-08  9.38981383e-10]
 [-4.57367897e-01 -2.65145903e-02 -2.29137247e-13 -7.42307220e-02
  -3.07149403e-02 -1.76868390e-15  8.52944060e-16 -1.70455350e-02
  -2.15081782e-06 -1.60792217e-08  1.01945282e-09]
 [-4.13454982e-01 -1.36108082e-02 -2.43077369e-13 -1.61212006e-01
  -2.39946835e-02 -1.97603663e-15  8.52944060e-16 -3.78186354e-02
  -2.16481280e-06 -1.56026061e-08  1.14483258e-09]
 [-7.26885067e-01 -4.16446375e-02 -2.32481033e-13 -1.85848272e-01
  -6.91030740e-02 -1.83885375e-15  8.52944060e-16 -4.14560931e-02
  -2.15318180e-06 -1.29829479e-08  1.19931246e-09]
 [-4.09244675e-01 -2.42697794e-02 -2.28687664e-13 -1.71439381e-01
  -5.56798852e-02 -1.84061308e-15  8.52944060e-16 -4.76418268e-02
  -2.10128585e-06 -1.62653210e-08  1.13627442e-09]
 [-4.08636482e-01 -2.46802342e-02 -2.28544575e-13 -8.57451853e-02
  -3.70515381e-02 -1.83851195e-15  8.52944060e-16 -5.40372007e-02
  -2.30025571e-06 -1.55620141e-08  1.04776831e-09]
 [-3.75904710e-01 -1.66657487e-02 -2.51138681e-13 -1.32257792e-01
  -3.46056694e-02 -1.83909064e-15  8.52944060e-16 -5.81644398e-02
  -2.25172995e-06 -1.60913364e-08  1.00528116e-09]
 [-5.70599628e-01 -3.47470257e-02 -2.28691394e-13 -1.97184975e-01
  -6.38832418e-02 -1.68951534e-15  7.76846176e-16 -6.48292562e-02
  -2.10061842e-06 -1.56981507e-08  1.07188988e-09]
 [-3.82996220e-01 -1.94510565e-02 -2.29144408e-13 -1.24514692e-01
  -4.06919216e-02 -1.83980900e-15  8.52944060e-16 -6.54403446e-02
  -2.13011509e-06 -1.72579466e-08  1.04984510e-09]
 [-3.64862228e-01 -2.48513146e-02 -2.28460236e-13 -1.37539848e-01
  -4.03520041e-02 -1.98537563e-15  8.36153067e-16 -6.79599652e-02
  -2.35003012e-06 -1.58657201e-08  1.11993097e-09]
 [-6.03739426e-01 -3.75523630e-02 -2.18861338e-13 -8.18225872e-02
  -5.95441745e-02 -1.84127679e-15  8.52944060e-16 -7.14808451e-02
  -2.13647292e-06 -1.45717957e-08  9.82795429e-10]
 [-4.86951240e-01 -3.12820424e-02 -2.29379605e-13 -1.90981431e-01
  -6.04382496e-02 -1.69021288e-15  8.13843895e-16 -7.76674101e-02
  -2.35683662e-06 -1.60344377e-08  1.12355540e-09]
 [-5.97995044e-01 -3.50301918e-02 -2.36786505e-13 -2.07611643e-01
  -6.81073945e-02 -1.84088607e-15  7.91841215e-16 -7.90468311e-02
  -2.18669229e-06 -1.70353467e-08  1.11678397e-09]
 [-4.53786272e-01 -2.70145115e-02 -2.27627278e-13 -1.53910428e-01
  -4.58282984e-02 -1.97985912e-15  8.52944060e-16 -8.90511469e-02
  -2.15667871e-06 -1.43730620e-08  1.05905963e-09]
 [-3.51936317e-01 -2.89382333e-02 -2.31608281e-13 -7.41705462e-02
  -2.67649335e-02 -1.83913242e-15  8.43857459e-16 -1.00182510e-01
  -2.10466338e-06 -1.51111249e-08  1.09526210e-09]
 [-3.70506294e-01 -3.40443048e-02 -2.27019075e-13 -1.54700276e-01
  -4.31891541e-02 -1.84115935e-15  8.52944060e-16 -1.05621253e-01
  -2.17375638e-06 -1.35718366e-08  1.06401689e-09]]
Current Toppers:
[[ 0.00000000e+00 -1.45799022e-12 -2.28980078e-13  4.62010753e-11
  -1.75214813e-10 -1.83669770e-15  8.52944060e-16  2.29423303e-05
  -2.04721003e-06 -1.59792834e-08  9.98214034e-10]
 [-5.09550884e-01 -8.34902014e-03 -2.29607538e-13 -1.56781737e-01
  -2.52521801e-02 -1.75002853e-15  8.52944060e-16 -1.69727885e-02
  -2.18447543e-06 -1.44187133e-08  9.38981383e-10]
 [-4.57367897e-01 -2.65145903e-02 -2.29137247e-13 -7.42307220e-02
  -3.07149403e-02 -1.76868390e-15  8.52944060e-16 -1.70455350e-02
  -2.15081782e-06 -1.60792217e-08  1.01945282e-09]
 [-8.30185186e-01 -3.35388684e-02 -2.29446637e-13 -3.24540657e-01
  -2.04194671e-02 -1.82231163e-15  8.52944060e-16 -3.06745960e-02
  -2.23465162e-06 -1.59792834e-08  1.12240671e-09]
 [-4.13454982e-01 -1.36108082e-02 -2.43077369e-13 -1.61212006e-01
  -2.39946835e-02 -1.97603663e-15  8.52944060e-16 -3.78186354e-02
  -2.16481280e-06 -1.56026061e-08  1.14483258e-09]
 [-7.26885067e-01 -4.16446375e-02 -2.32481033e-13 -1.85848272e-01
  -6.91030740e-02 -1.83885375e-15  8.52944060e-16 -4.14560931e-02
  -2.15318180e-06 -1.29829479e-08  1.19931246e-09]
 [-4.09244675e-01 -2.42697794e-02 -2.28687664e-13 -1.71439381e-01
  -5.56798852e-02 -1.84061308e-15  8.52944060e-16 -4.76418268e-02
  -2.10128585e-06 -1.62653210e-08  1.13627442e-09]
 [-4.08636482e-01 -2.46802342e-02 -2.28544575e-13 -8.57451853e-02
  -3.70515381e-02 -1.83851195e-15  8.52944060e-16 -5.40372007e-02
  -2.30025571e-06 -1.55620141e-08  1.04776831e-09]
 [-9.35426281e-01 -3.49794561e-02 -2.26233478e-13 -1.60857020e-01
  -3.34756865e-02 -1.83669770e-15  8.24162134e-16 -5.71712996e-02
  -2.17540693e-06 -1.75125482e-08  1.09342712e-09]
 [-3.75904710e-01 -1.66657487e-02 -2.51138681e-13 -1.32257792e-01
  -3.46056694e-02 -1.83909064e-15  8.52944060e-16 -5.81644398e-02
  -2.25172995e-06 -1.60913364e-08  1.00528116e-09]]
Their Fitness:
[1.83254387e+03 3.98006338e-05 3.94929697e-05 1.22164437e-05
 8.04133462e-06 6.69643083e-06 5.06782876e-06 3.93687692e-06
 3.51808380e-06 3.39782244e-06]
BEST !: [13510723304.19212, 368296592820.6967] [ 0.00000000e+00 -1.45799022e-12 -2.28980078e-13  4.62010753e-11
 -1.75214813e-10 -1.83669770e-15  8.52944060e-16  2.29423303e-05
 -2.04721003e-06 -1.59792834e-08  9.98214034e-10]
110
