[-3.49266001e-02, -2.20052204e-12, -2.77414947e-13, -4.03032135e-04,
 -1.32816542e-03, -1.86412070e-15, -3.42586819e-05,  2.37987460e-05,
 -1.99954944e-06, -1.66916972e-08,  9.68297967e-10]
[ 1.45439516e-02 -3.92213674e-02 -1.29507385e-01 -5.55829973e-01
 -2.90410081e-10 -1.85117691e-15 -4.89935116e-02  2.67790915e-05
 -1.89482976e-06 -1.61207915e-08  8.93425341e-10]
[ 1.44432399e-02 -4.04269528e-02 -1.25726792e-01 -5.63454252e-01
 -2.47482073e-10 -1.83979138e-15 -3.90976476e-02  2.55026030e-05
 -1.87451921e-06 -1.59861013e-08  8.91975135e-10]
[ 1.42749748e-02 -4.30636516e-02 -1.38115895e-01 -5.27768123e-01
 -2.04879366e-10 -1.75989098e-15 -6.62908525e-02  2.69875085e-05
 -1.93509019e-06 -1.64839805e-08  9.14514249e-10]
[-2.73508894e-01 -6.25110340e-02  2.91857048e-01 -7.66498269e-01
 -1.67395948e-10 -1.92234129e-15 -6.88491980e-02  2.33453481e-05
 -2.11070650e-06 -1.48722380e-08  9.93644470e-10]
[-3.75468587e-02 -2.33530278e-12 -2.85112634e-13 -4.01323354e-04
 -4.34852923e-03 -2.02915063e-15 -2.81452003e-05  2.39229609e-05
 -2.00165504e-06 -1.52985640e-08  9.46699873e-10]
[ 1.44432399e-02 -4.04269528e-02 -1.25726792e-01 -5.63454252e-01
 -2.47482073e-10 -1.83979138e-15 -3.90976476e-02  2.55026030e-05
 -1.87451921e-06 -1.59861013e-08  8.91975135e-10]
[-3.75641488e-02 -2.38173353e-12 -2.63671221e-13 -3.54323350e-04
  -4.39150010e-03 -1.97645561e-15 -2.68391693e-05  2.56692561e-05
  -2.04458746e-06 -1.62380478e-08  9.69180106e-10]
[ 1.43730206e-02 -2.21241479e-02 -1.38318046e-01 -5.22296339e-01
 -1.67348944e-10 -1.79092520e-15 -4.87634773e-02  2.55384516e-05
 -1.98011538e-06 -1.61243550e-08  9.42462719e-10]
[ 1.43062955e-02 -2.42053803e-02 -1.50653882e-01 -5.03268632e-01
 -1.97677812e-10 -1.48070826e-15 -3.55008012e-02  2.19789318e-05
 -1.78520269e-06 -1.56533931e-08  8.68566882e-10]