Starting from init...
starting....

Errors:>>

XXXXX-----XXXXX
kid: [ 1.47516472e-02 -3.56572296e-02 -1.34657969e-01 -5.49923956e-01
 -2.67939237e-10 -1.64568221e-15 -6.11501840e-02  2.61146073e-05
 -1.93230714e-06 -1.66745615e-08  8.73599146e-10] train error: 1567279956537.1462, validation error: 1779474083604.8765

kid: [0. 0. 0. 0. 0. 0. 0. 0. 0. 0. 0.] train error: 2031280283262.183, validation error: 3624979221727.6943

kid: [ 1.47516472e-02  0.00000000e+00 -1.34657969e-01 -5.26385417e-01
 -1.01845725e-10 -5.68924232e-16  0.00000000e+00  2.61146073e-05
 -1.93230714e-06 -1.66745615e-08  0.00000000e+00] train error: 370987103568651.94, validation error: 691892001130782.1

kid: [ 6.66760056e-03 -4.02799422e-02  0.00000000e+00 -6.32045989e-01
 -2.67939237e-10 -1.64568221e-15  0.00000000e+00  2.61146073e-05
 -1.93230714e-06  0.00000000e+00  8.73599146e-10] train error: 37384342868614.08, validation error: 78207676977316.67

kid: [ 1.47516472e-02  0.00000000e+00 -1.34657969e-01 -4.65658170e-01
 -2.67939237e-10  0.00000000e+00 -6.11501840e-02  2.09649077e-06
 -2.28598119e-06  0.00000000e+00  8.73599146e-10] train error: 1323547613152.0776, validation error: 2602630918155.753

kid: [ 1.47516472e-02  0.00000000e+00 -1.34657969e-01 -5.49923956e-01
  0.00000000e+00 -1.62000256e-15 -6.11501840e-02  2.61146073e-05
 -1.04954555e-06  0.00000000e+00  8.73599146e-10] train error: 196225649191837.94, validation error: 400851875919515.94

kid: [ 0.00000000e+00  0.00000000e+00  0.00000000e+00 -5.49923956e-01
 -4.13606107e-12 -1.64568221e-15 -6.11501840e-02  2.61146073e-05
 -1.93230714e-06 -1.66745615e-08  9.34656381e-10] train error: 23635187807.67884, validation error: 353385295972.3258

kid: [ 1.47516472e-02  0.00000000e+00  0.00000000e+00 -3.81615733e-01
 -2.67939237e-10 -1.64568221e-15 -6.11501840e-02  0.00000000e+00
 -1.93230714e-06 -1.70797610e-08  8.73599146e-10] train error: 39723432875064.46, validation error: 71345952102098.14

kid: [ 0.00000000e+00 -5.85472936e-03 -1.34657969e-01 -5.49923956e-01
 -2.67939237e-10 -1.64568221e-15 -6.71252653e-02  2.61146073e-05
  0.00000000e+00  0.00000000e+00  8.73599146e-10] train error: 551660238492236.6, validation error: 1107863891249866.6

kid: [ 1.47516472e-02  0.00000000e+00 -1.34657969e-01 -5.49624050e-02
 -2.67939237e-10 -4.38914718e-16 -6.11501840e-02  0.00000000e+00
 -1.93230714e-06  0.00000000e+00  8.73599146e-10] train error: 3839436883587.807, validation error: 7948671006963.164

kid: [ 1.47516472e-02 -3.56572296e-02 -6.88974424e-02 -3.60797477e-01
 -2.67939237e-10  0.00000000e+00  0.00000000e+00  2.61146073e-05
 -1.93230714e-06  0.00000000e+00  8.73599146e-10] train error: 49295331166492.805, validation error: 95112932845548.58

kid: [ 1.47516472e-02 -3.56572296e-02  0.00000000e+00 -5.49923956e-01
 -7.79455870e-11 -1.35156615e-15  0.00000000e+00  2.61146073e-05
  0.00000000e+00 -1.66745615e-08  8.73599146e-10] train error: 271622308620407.94, validation error: 543200336386010.9

kid: [ 7.48922831e-03 -3.56572296e-02 -1.34657969e-01  0.00000000e+00
 -2.76136152e-11 -1.64568221e-15  0.00000000e+00  0.00000000e+00
 -1.93230714e-06 -1.66745615e-08  1.01811057e-09] train error: 10073041371205.531, validation error: 16124562386346.38

kid: [ 0.00000000e+00 -3.56572296e-02 -1.34657969e-01  0.00000000e+00
 -2.67939237e-10 -1.64568221e-15 -6.11501840e-02  0.00000000e+00
 -1.93230714e-06 -1.66745615e-08  3.26514250e-10] train error: 312305453262156.7, validation error: 584169470424355.8

kid: [ 1.17792998e-02  0.00000000e+00 -1.34657969e-01 -5.49923956e-01
 -1.96211389e-10 -1.64568221e-15 -6.11501840e-02  0.00000000e+00
  0.00000000e+00 -1.66745615e-08  6.23312013e-11] train error: 38955963693122.99, validation error: 57563167640354.42

kid: [ 1.13941609e-02 -3.56572296e-02 -1.34657969e-01  0.00000000e+00
 -2.78633957e-11 -1.64568221e-15 -6.11501840e-02  2.61146073e-05
  0.00000000e+00 -1.57514278e-08  0.00000000e+00] train error: 6103573271413.965, validation error: 6633088252969.196

kid: [ 1.47516472e-02 -3.56572296e-02 -1.34657969e-01 -5.49923956e-01
  0.00000000e+00  0.00000000e+00 -3.64714686e-02  2.61146073e-05
  0.00000000e+00 -1.89046524e-08  2.79441829e-10] train error: 14394354303292.875, validation error: 28924202955275.55

kid: [ 1.61872706e-02 -3.56572296e-02  0.00000000e+00  0.00000000e+00
 -2.57693644e-11 -1.64568221e-15 -6.11501840e-02  2.61146073e-05
  0.00000000e+00 -1.66745615e-08  8.73599146e-10] train error: 267070281406527.75, validation error: 537270498448775.3

kid: [ 1.47516472e-02  0.00000000e+00 -1.34657969e-01  0.00000000e+00
 -7.23966326e-12  0.00000000e+00 -6.11501840e-02  2.61146073e-05
 -1.39409108e-06 -1.66745615e-08  8.73599146e-10] train error: 20818015059781.793, validation error: 41323467827811.6

kid: [ 1.47516472e-02  0.00000000e+00 -1.34657969e-01  0.00000000e+00
 -2.67939237e-10 -1.06948635e-15 -6.11501840e-02  1.66160672e-05
 -1.93230714e-06 -1.08428314e-08  0.00000000e+00] train error: 350835686712857.06, validation error: 650318563277307.1

kid: [ 1.46071526e-02 -3.83191941e-02 -1.34657969e-01 -5.49923956e-01
  0.00000000e+00 -1.64568221e-15 -6.11501840e-02  2.61146073e-05
  0.00000000e+00 -1.77239372e-08  0.00000000e+00] train error: 10492357019447.6, validation error: 12670746619422.871

kid: [ 1.47516472e-02 -3.56572296e-02  0.00000000e+00  0.00000000e+00
 -1.95369389e-10 -4.00054311e-16  0.00000000e+00  2.61146073e-05
 -1.93230714e-06 -1.66745615e-08  8.73599146e-10] train error: 372833752230.8038, validation error: 525245349908.76105

kid: [ 1.17849956e-02 -3.56572296e-02 -1.34657969e-01 -5.49923956e-01
  0.00000000e+00 -1.64568221e-15 -6.11501840e-02  2.61146073e-05
  0.00000000e+00 -1.66745615e-08  0.00000000e+00] train error: 8010420934516.088, validation error: 9137243753199.652

kid: [ 0.00000000e+00 -3.56572296e-02  0.00000000e+00  0.00000000e+00
 -2.67939237e-10 -1.64568221e-15 -6.11501840e-02  2.86388763e-05
 -1.93230714e-06 -1.66745615e-08  3.03118660e-10] train error: 167003881894444.0, validation error: 300048051108847.6

kid: [ 1.47516472e-02 -3.56572296e-02 -4.94155059e-02  0.00000000e+00
 -2.67939237e-10 -4.56603957e-16 -6.11501840e-02  2.61146073e-05
 -8.55256668e-07  0.00000000e+00  0.00000000e+00] train error: 6324187306383.673, validation error: 7154808752993.253

kid: [ 1.47516472e-02 -1.62731824e-02  0.00000000e+00 -5.49923956e-01
 -2.67939237e-10  0.00000000e+00 -6.11501840e-02  2.38235598e-05
 -1.70847338e-06  0.00000000e+00  8.73599146e-10] train error: 73243287737661.42, validation error: 143166608315920.72

kid: [ 1.68312267e-02  0.00000000e+00 -4.28936732e-03 -5.49923956e-01
 -1.89867811e-12 -1.64568221e-15 -6.11501840e-02  2.61146073e-05
 -1.93230714e-06  0.00000000e+00  0.00000000e+00] train error: 162471164530984.53, validation error: 280964824918783.5

kid: [ 1.47516472e-02 -3.56572296e-02 -1.34657969e-01  0.00000000e+00
  0.00000000e+00 -1.64568221e-15 -2.49399093e-02  2.61146073e-05
 -2.04144862e-06  0.00000000e+00  8.85922881e-10] train error: 29666939328636.707, validation error: 61748292614085.77

kid: [ 0.00000000e+00 -3.56572296e-02 -1.34657969e-01 -5.49923956e-01
 -2.67939237e-10  0.00000000e+00 -4.23034514e-02  0.00000000e+00
 -1.93230714e-06 -1.66745615e-08  3.95943673e-10] train error: 234729825000058.2, validation error: 452919046618437.4

kid: [ 1.47516472e-02 -1.79686921e-02  0.00000000e+00 -5.49923956e-01
 -1.29365967e-10  0.00000000e+00  0.00000000e+00  2.61146073e-05
 -1.93230714e-06 -1.66745615e-08  5.83161784e-10] train error: 42688158052711.61, validation error: 79522012795950.66

XXXXX-----XXXXX

---------


>>>>>>>>>

GENERATION : 1

Best of Pool:[ 7.48922831e-03 -3.56572296e-02 -1.34657969e-01  0.00000000e+00
 -2.76136152e-11 -1.64568221e-15  0.00000000e+00  0.00000000e+00
 -1.93230714e-06 -1.66745615e-08  1.01811057e-09]->1845.3741175740336
Current Pool:
[[ 1.47516472e-02  0.00000000e+00  0.00000000e+00 -3.81615733e-01
  -2.67939237e-10 -1.64568221e-15 -6.11501840e-02  0.00000000e+00
  -1.93230714e-06 -1.70797610e-08  8.73599146e-10]
 [ 6.66760056e-03 -4.02799422e-02  0.00000000e+00 -6.32045989e-01
  -2.67939237e-10 -1.64568221e-15  0.00000000e+00  2.61146073e-05
  -1.93230714e-06  0.00000000e+00  8.73599146e-10]
 [ 1.47516472e-02 -1.79686921e-02  0.00000000e+00 -5.49923956e-01
  -1.29365967e-10  0.00000000e+00  0.00000000e+00  2.61146073e-05
  -1.93230714e-06 -1.66745615e-08  5.83161784e-10]
 [ 1.47516472e-02 -3.56572296e-02 -6.88974424e-02 -3.60797477e-01
  -2.67939237e-10  0.00000000e+00  0.00000000e+00  2.61146073e-05
  -1.93230714e-06  0.00000000e+00  8.73599146e-10]
 [ 0.00000000e+00  0.00000000e+00  0.00000000e+00 -5.49923956e-01
  -4.13606107e-12 -1.64568221e-15 -6.11501840e-02  2.61146073e-05
  -1.93230714e-06 -1.66745615e-08  9.34656381e-10]
 [ 1.47516472e-02 -3.56572296e-02  0.00000000e+00  0.00000000e+00
  -1.95369389e-10 -4.00054311e-16  0.00000000e+00  2.61146073e-05
  -1.93230714e-06 -1.66745615e-08  8.73599146e-10]
 [ 1.47516472e-02 -3.56572296e-02 -1.34657969e-01 -5.49923956e-01
  -2.67939237e-10 -1.64568221e-15 -6.11501840e-02  2.61146073e-05
  -1.93230714e-06 -1.66745615e-08  8.73599146e-10]
 [ 1.47516472e-02  0.00000000e+00 -1.34657969e-01 -4.65658170e-01
  -2.67939237e-10  0.00000000e+00 -6.11501840e-02  2.09649077e-06
  -2.28598119e-06  0.00000000e+00  8.73599146e-10]
 [ 0.00000000e+00  0.00000000e+00  0.00000000e+00  0.00000000e+00
   0.00000000e+00  0.00000000e+00  0.00000000e+00  0.00000000e+00
   0.00000000e+00  0.00000000e+00  0.00000000e+00]
 [ 1.13941609e-02 -3.56572296e-02 -1.34657969e-01  0.00000000e+00
  -2.78633957e-11 -1.64568221e-15 -6.11501840e-02  2.61146073e-05
   0.00000000e+00 -1.57514278e-08  0.00000000e+00]
 [ 1.47516472e-02  0.00000000e+00 -1.34657969e-01 -5.49624050e-02
  -2.67939237e-10 -4.38914718e-16 -6.11501840e-02  0.00000000e+00
  -1.93230714e-06  0.00000000e+00  8.73599146e-10]
 [ 1.47516472e-02 -3.56572296e-02 -4.94155059e-02  0.00000000e+00
  -2.67939237e-10 -4.56603957e-16 -6.11501840e-02  2.61146073e-05
  -8.55256668e-07  0.00000000e+00  0.00000000e+00]
 [ 1.17849956e-02 -3.56572296e-02 -1.34657969e-01 -5.49923956e-01
   0.00000000e+00 -1.64568221e-15 -6.11501840e-02  2.61146073e-05
   0.00000000e+00 -1.66745615e-08  0.00000000e+00]
 [ 1.46071526e-02 -3.83191941e-02 -1.34657969e-01 -5.49923956e-01
   0.00000000e+00 -1.64568221e-15 -6.11501840e-02  2.61146073e-05
   0.00000000e+00 -1.77239372e-08  0.00000000e+00]
 [ 7.48922831e-03 -3.56572296e-02 -1.34657969e-01  0.00000000e+00
  -2.76136152e-11 -1.64568221e-15  0.00000000e+00  0.00000000e+00
  -1.93230714e-06 -1.66745615e-08  1.01811057e-09]]

....>>>>>....

XXXX-XXXX
Russian Roullette begins >>>


----
[ 0.00000000e+00  0.00000000e+00  0.00000000e+00 -5.49923956e-01
 -4.13606107e-12 -1.64568221e-15 -6.11501840e-02  2.61146073e-05
 -1.93230714e-06 -1.66745615e-08  9.34656381e-10]x[ 1.47516472e-02 -3.56572296e-02  0.00000000e+00  0.00000000e+00
 -1.95369389e-10 -4.00054311e-16  0.00000000e+00  2.61146073e-05
 -1.93230714e-06 -1.66745615e-08  8.73599146e-10]---->
[ 1.86094105e-02 -4.75457172e-02  0.00000000e+00 -4.32265282e-01
 -2.70837191e-10  2.99328268e-16 -6.74983622e-02  2.61146073e-05
 -1.93230714e-06 -1.66745615e-08  8.81195770e-10]+[ 2.06070580e-02 -4.45622315e-02  0.00000000e+00 -1.74143121e-01
 -2.45099596e-10 -1.16435328e-15 -1.22588507e-03  2.61146073e-05
 -1.93230714e-06 -1.66745615e-08  8.50892785e-10]
----


----
[ 0.00000000e+00  0.00000000e+00  0.00000000e+00 -5.49923956e-01
 -4.13606107e-12 -1.64568221e-15 -6.11501840e-02  2.61146073e-05
 -1.93230714e-06 -1.66745615e-08  9.34656381e-10]x[ 1.47516472e-02 -3.56572296e-02 -1.34657969e-01 -5.49923956e-01
 -2.67939237e-10 -1.64568221e-15 -6.11501840e-02  2.61146073e-05
 -1.93230714e-06 -1.66745615e-08  8.73599146e-10]---->
[ 1.62392200e-02 -3.53547308e-02 -1.65957730e-01 -5.49923956e-01
 -2.76429683e-10 -1.64568221e-15 -6.11501840e-02  2.61146073e-05
 -1.93230714e-06 -1.66745615e-08  8.72608925e-10]+[ 1.33899177e-03 -3.92515660e-02 -1.60244988e-01 -5.49923956e-01
 -2.85094215e-10 -1.64568221e-15 -6.11501840e-02  2.61146073e-05
 -1.93230714e-06 -1.66745615e-08  8.60273277e-10]
----


----
[ 1.47516472e-02 -3.56572296e-02  0.00000000e+00  0.00000000e+00
 -1.95369389e-10 -4.00054311e-16  0.00000000e+00  2.61146073e-05
 -1.93230714e-06 -1.66745615e-08  8.73599146e-10]x[ 1.47516472e-02 -3.56572296e-02 -4.94155059e-02  0.00000000e+00
 -2.67939237e-10 -4.56603957e-16 -6.11501840e-02  2.61146073e-05
 -8.55256668e-07  0.00000000e+00  0.00000000e+00]---->
[ 1.47516472e-02 -3.56572296e-02 -6.26718529e-02  0.00000000e+00
 -3.22377721e-10 -4.28417180e-16 -8.33836015e-02  2.61146073e-05
 -1.96587644e-06 -1.13811428e-09  2.37513863e-10]+[ 1.47516472e-02 -3.56572296e-02 -5.99605163e-02  0.00000000e+00
 -2.42171301e-10 -4.78556748e-16 -7.54854728e-02  2.61146073e-05
 -2.09716905e-06 -1.70244727e-08 -6.17929242e-10]
----


----
[ 1.47516472e-02 -3.56572296e-02  0.00000000e+00  0.00000000e+00
 -1.95369389e-10 -4.00054311e-16  0.00000000e+00  2.61146073e-05
 -1.93230714e-06 -1.66745615e-08  8.73599146e-10]x[ 1.47516472e-02  0.00000000e+00 -1.34657969e-01 -4.65658170e-01
 -2.67939237e-10  0.00000000e+00 -6.11501840e-02  2.09649077e-06
 -2.28598119e-06  0.00000000e+00  8.73599146e-10]---->
[ 1.47516472e-02 -6.27691232e-03 -1.55092018e-01 -4.48616274e-01
 -2.81024618e-10 -4.79571505e-16 -3.89795396e-02  1.01794460e-05
 -2.33867083e-06 -1.34957635e-08  8.73599146e-10]+[ 1.47516472e-02 -1.94550051e-02 -9.37683180e-02 -4.66667058e-01
 -2.49932022e-10 -1.59963581e-17 -7.17459742e-02 -1.84202529e-06
 -2.34153009e-06 -2.13298750e-09  8.73599146e-10]
----


----
[ 0.00000000e+00  0.00000000e+00  0.00000000e+00 -5.49923956e-01
 -4.13606107e-12 -1.64568221e-15 -6.11501840e-02  2.61146073e-05
 -1.93230714e-06 -1.66745615e-08  9.34656381e-10]x[ 1.47516472e-02 -3.56572296e-02  0.00000000e+00  0.00000000e+00
 -1.95369389e-10 -4.00054311e-16  0.00000000e+00  2.61146073e-05
 -1.93230714e-06 -1.66745615e-08  8.73599146e-10]---->
[ 8.73640449e-03 -2.31752488e-02  0.00000000e+00 -1.55991214e-01
 -1.44631913e-10 -1.84909981e-15 -6.95826119e-02  2.61146073e-05
 -1.93230714e-06 -1.66745615e-08  8.74375058e-10]+[-3.88448182e-03 -4.04210463e-02  0.00000000e+00 -3.96167986e-01
 -2.15718253e-10 -1.39116061e-15 -4.38908914e-02  2.61146073e-05
 -1.93230714e-06 -1.66745615e-08  8.86973342e-10]
----


----
[ 0.00000000e+00  0.00000000e+00  0.00000000e+00 -5.49923956e-01
 -4.13606107e-12 -1.64568221e-15 -6.11501840e-02  2.61146073e-05
 -1.93230714e-06 -1.66745615e-08  9.34656381e-10]x[ 1.47516472e-02 -3.56572296e-02  0.00000000e+00  0.00000000e+00
 -1.95369389e-10 -4.00054311e-16  0.00000000e+00  2.61146073e-05
 -1.93230714e-06 -1.66745615e-08  8.73599146e-10]---->
[ 1.56040497e-02 -3.38315381e-02  0.00000000e+00 -4.70130853e-01
 -1.91717682e-10 -1.37354766e-15 -1.02038421e-02  2.61146073e-05
 -1.93230714e-06 -1.66745615e-08  8.75437972e-10]+[ 6.32422336e-03 -3.61924139e-02  0.00000000e+00  7.87309541e-02
 -1.92561321e-10 -5.84218831e-16 -4.98651328e-02  2.61146073e-05
 -1.93230714e-06 -1.66745615e-08  8.76048736e-10]
----


----
[ 0.00000000e+00  0.00000000e+00  0.00000000e+00 -5.49923956e-01
 -4.13606107e-12 -1.64568221e-15 -6.11501840e-02  2.61146073e-05
 -1.93230714e-06 -1.66745615e-08  9.34656381e-10]x[ 1.13941609e-02 -3.56572296e-02 -1.34657969e-01  0.00000000e+00
 -2.78633957e-11 -1.64568221e-15 -6.11501840e-02  2.61146073e-05
  0.00000000e+00 -1.57514278e-08  0.00000000e+00]---->
[-8.06023382e-03 -5.89207801e-02 -6.17539071e-02  9.88942914e-02
 -1.49125352e-11 -1.64568221e-15 -6.11501840e-02  2.61146073e-05
  3.04377471e-07 -1.50011920e-08 -6.26989659e-10]+[ 1.28537914e-02 -4.41301944e-02 -1.16272392e-01 -4.84841290e-01
 -3.94634659e-11 -1.64568221e-15 -6.11501840e-02  2.61146073e-05
 -1.05284933e-06 -1.58719960e-08  4.06035099e-10]
----


----
[ 0.00000000e+00  0.00000000e+00  0.00000000e+00 -5.49923956e-01
 -4.13606107e-12 -1.64568221e-15 -6.11501840e-02  2.61146073e-05
 -1.93230714e-06 -1.66745615e-08  9.34656381e-10]x[ 1.47516472e-02 -3.56572296e-02 -1.34657969e-01 -5.49923956e-01
 -2.67939237e-10 -1.64568221e-15 -6.11501840e-02  2.61146073e-05
 -1.93230714e-06 -1.66745615e-08  8.73599146e-10]---->
[ 9.23967523e-04 -2.20227351e-02 -1.07631078e-01 -5.49923956e-01
 -2.43042240e-10 -1.64568221e-15 -6.11501840e-02  2.61146073e-05
 -1.93230714e-06 -1.66745615e-08  8.80404103e-10]+[ 1.27002067e-02 -4.43169067e-02 -1.12273418e-01 -5.49923956e-01
 -2.30598534e-10 -1.64568221e-15 -6.11501840e-02  2.61146073e-05
 -1.93230714e-06 -1.66745615e-08  9.06192729e-10]
----


Roullette Ends
XXXX-XXXX


Errors:>>

XXXXX-----XXXXX
kid: [ 5.43847237e-03 -4.75457172e-02  0.00000000e+00 -3.33482916e-01
 -2.70837191e-10  2.99328268e-16 -6.74983622e-02  2.61146073e-05
 -1.07764942e-06 -1.66745615e-08  8.81195770e-10] train error: 60023482336335.61, validation error: 116500291484214.78

kid: [ 2.06070580e-02 -4.45622315e-02  0.00000000e+00 -1.74143121e-01
 -2.45099596e-10 -1.16435328e-15 -1.21676458e-03  2.77403823e-05
 -1.93230714e-06 -9.76906814e-09  8.50892785e-10] train error: 3848282018983.507, validation error: 8737459821468.633

kid: [ 1.62392200e-02 -3.83540767e-02 -1.47837095e-01 -5.49923956e-01
 -2.76429683e-10 -1.64568221e-15 -6.11501840e-02  2.61146073e-05
 -1.93230714e-06 -1.42747126e-08  8.72608925e-10] train error: 129508575714.74373, validation error: 114342150888.55869

kid: [ 1.33899177e-03 -3.92515660e-02 -1.60244988e-01 -1.03971379e-01
 -2.85094215e-10 -1.64568221e-15 -6.11501840e-02  2.39396445e-05
 -1.93230714e-06 -1.38359651e-09  8.60273277e-10] train error: 23437274674233.0, validation error: 49953878635054.83

kid: [ 1.47516472e-02 -2.22492731e-02 -6.26718529e-02  0.00000000e+00
 -3.22377721e-10 -4.28417180e-16 -8.33836015e-02  1.78033962e-05
 -1.96587644e-06 -1.13811428e-09  2.53142140e-10] train error: 79997966710099.27, validation error: 142780064186157.94

kid: [ 1.47516472e-02 -3.56572296e-02 -5.99605163e-02  0.00000000e+00
 -9.30973002e-11 -4.78556748e-16 -7.54854728e-02  1.08721145e-05
 -2.09716905e-06 -1.70244727e-08 -8.56526433e-13] train error: 558729378035857.6, validation error: 1060067510373297.8

kid: [ 1.47516472e-02 -6.27691232e-03 -1.55092018e-01 -4.48616274e-01
 -1.19663878e-10 -4.79571505e-16 -2.90072020e-02  1.01794460e-05
 -2.33867083e-06 -1.34957635e-08  8.60653449e-10] train error: 37458947257599.26, validation error: 72163103960262.06

kid: [ 1.47516472e-02 -1.94550051e-02 -3.39499977e-02 -4.66667058e-01
 -2.49932022e-10 -1.59963581e-17 -7.17459742e-02 -1.84202529e-06
 -2.34153009e-06 -5.39235613e-11  3.36208404e-10] train error: 180561309025744.22, validation error: 345812917897826.94

kid: [ 8.73640449e-03 -2.31752488e-02  0.00000000e+00 -1.55991214e-01
 -1.44631913e-10 -1.84909981e-15 -6.95826119e-02  1.15199262e-06
 -1.93230714e-06 -1.61692954e-08  8.74375058e-10] train error: 33295523289603.574, validation error: 58733017988308.625

kid: [-7.85892735e-04 -4.04210463e-02  0.00000000e+00 -2.18931241e-01
 -2.15718253e-10 -1.39116061e-15 -3.93596349e-02  2.61146073e-05
 -1.93230714e-06 -1.66745615e-08  8.86973342e-10] train error: 670513501879.6407, validation error: 658439951388.3445

kid: [ 1.40687574e-02 -3.83262222e-02  0.00000000e+00 -2.03503516e-02
 -1.91717682e-10 -1.37354766e-15 -1.02038421e-02  2.61146073e-05
 -1.93230714e-06 -1.66745615e-08  8.75437972e-10] train error: 1094778258270.2379, validation error: 1232733485618.2783

kid: [ 5.84559886e-03 -3.61924139e-02  0.00000000e+00  7.87309541e-02
 -1.92561321e-10 -5.84218831e-16 -4.98651328e-02  2.24052471e-05
 -1.93230714e-06 -1.66745615e-08  8.76048736e-10] train error: 1674363515066.2456, validation error: 2759505994630.153

kid: [-5.41253366e-03 -5.89207801e-02 -6.17539071e-02  9.88942914e-02
 -1.08837914e-11 -1.64568221e-15 -7.23177906e-02  2.61146073e-05
  3.04377471e-07 -1.50011920e-08 -6.26989659e-10] train error: 152327401028376.94, validation error: 259771993296867.0

kid: [ 1.45050692e-02 -4.41301944e-02 -1.16272392e-01 -2.13493930e-01
 -3.94634659e-11 -1.64568221e-15 -6.11501840e-02  2.61146073e-05
 -8.47550668e-07 -1.58719960e-08  4.06035099e-10] train error: 1812854778130.827, validation error: 1516676198500.343

kid: [ 9.23967523e-04 -2.20227351e-02 -1.07631078e-01 -4.12127027e-01
 -2.43042240e-10 -1.64568221e-15 -6.11501840e-02  2.61146073e-05
 -1.78296373e-06 -1.66745615e-08  1.78764181e-10] train error: 215829538540286.7, validation error: 390613513444808.06

XXXXX-----XXXXX

Best of Children: [ 1.47516472e-02 -3.56572296e-02 -5.99605163e-02  0.00000000e+00
 -9.30973002e-11 -4.78556748e-16 -7.54854728e-02  1.08721145e-05
 -2.09716905e-06 -1.70244727e-08 -8.56526433e-13]->0.534912121588114

>>>>>>>>>

GENERATION : 2

Best of Pool:[ 1.17849956e-02 -3.56572296e-02 -1.34657969e-01 -5.49923956e-01
  0.00000000e+00 -1.64568221e-15 -6.11501840e-02  2.61146073e-05
  0.00000000e+00 -1.66745615e-08  0.00000000e+00]->3977.1878208327084
Current Pool:
[[ 0.00000000e+00  0.00000000e+00  0.00000000e+00 -5.49923956e-01
  -4.13606107e-12 -1.64568221e-15 -6.11501840e-02  2.61146073e-05
  -1.93230714e-06 -1.66745615e-08  9.34656381e-10]
 [ 1.47516472e-02 -3.56572296e-02  0.00000000e+00  0.00000000e+00
  -1.95369389e-10 -4.00054311e-16  0.00000000e+00  2.61146073e-05
  -1.93230714e-06 -1.66745615e-08  8.73599146e-10]
 [ 1.47516472e-02 -3.56572296e-02 -1.34657969e-01 -5.49923956e-01
  -2.67939237e-10 -1.64568221e-15 -6.11501840e-02  2.61146073e-05
  -1.93230714e-06 -1.66745615e-08  8.73599146e-10]
 [ 1.47516472e-02  0.00000000e+00 -1.34657969e-01 -4.65658170e-01
  -2.67939237e-10  0.00000000e+00 -6.11501840e-02  2.09649077e-06
  -2.28598119e-06  0.00000000e+00  8.73599146e-10]
 [ 1.62392200e-02 -3.83540767e-02 -1.47837095e-01 -5.49923956e-01
  -2.76429683e-10 -1.64568221e-15 -6.11501840e-02  2.61146073e-05
  -1.93230714e-06 -1.42747126e-08  8.72608925e-10]
 [-7.85892735e-04 -4.04210463e-02  0.00000000e+00 -2.18931241e-01
  -2.15718253e-10 -1.39116061e-15 -3.93596349e-02  2.61146073e-05
  -1.93230714e-06 -1.66745615e-08  8.86973342e-10]
 [ 1.40687574e-02 -3.83262222e-02  0.00000000e+00 -2.03503516e-02
  -1.91717682e-10 -1.37354766e-15 -1.02038421e-02  2.61146073e-05
  -1.93230714e-06 -1.66745615e-08  8.75437972e-10]
 [ 1.45050692e-02 -4.41301944e-02 -1.16272392e-01 -2.13493930e-01
  -3.94634659e-11 -1.64568221e-15 -6.11501840e-02  2.61146073e-05
  -8.47550668e-07 -1.58719960e-08  4.06035099e-10]
 [ 5.84559886e-03 -3.61924139e-02  0.00000000e+00  7.87309541e-02
  -1.92561321e-10 -5.84218831e-16 -4.98651328e-02  2.24052471e-05
  -1.93230714e-06 -1.66745615e-08  8.76048736e-10]
 [ 0.00000000e+00  0.00000000e+00  0.00000000e+00  0.00000000e+00
   0.00000000e+00  0.00000000e+00  0.00000000e+00  0.00000000e+00
   0.00000000e+00  0.00000000e+00  0.00000000e+00]
 [ 1.13941609e-02 -3.56572296e-02 -1.34657969e-01  0.00000000e+00
  -2.78633957e-11 -1.64568221e-15 -6.11501840e-02  2.61146073e-05
   0.00000000e+00 -1.57514278e-08  0.00000000e+00]
 [ 1.47516472e-02  0.00000000e+00 -1.34657969e-01 -5.49624050e-02
  -2.67939237e-10 -4.38914718e-16 -6.11501840e-02  0.00000000e+00
  -1.93230714e-06  0.00000000e+00  8.73599146e-10]
 [ 1.47516472e-02 -3.56572296e-02 -4.94155059e-02  0.00000000e+00
  -2.67939237e-10 -4.56603957e-16 -6.11501840e-02  2.61146073e-05
  -8.55256668e-07  0.00000000e+00  0.00000000e+00]
 [ 2.06070580e-02 -4.45622315e-02  0.00000000e+00 -1.74143121e-01
  -2.45099596e-10 -1.16435328e-15 -1.21676458e-03  2.77403823e-05
  -1.93230714e-06 -9.76906814e-09  8.50892785e-10]
 [ 1.17849956e-02 -3.56572296e-02 -1.34657969e-01 -5.49923956e-01
   0.00000000e+00 -1.64568221e-15 -6.11501840e-02  2.61146073e-05
   0.00000000e+00 -1.66745615e-08  0.00000000e+00]]

....>>>>>....

XXXX-XXXX
Russian Roullette begins >>>


----
[ 1.62392200e-02 -3.83540767e-02 -1.47837095e-01 -5.49923956e-01
 -2.76429683e-10 -1.64568221e-15 -6.11501840e-02  2.61146073e-05
 -1.93230714e-06 -1.42747126e-08  8.72608925e-10]x[ 1.45050692e-02 -4.41301944e-02 -1.16272392e-01 -2.13493930e-01
 -3.94634659e-11 -1.64568221e-15 -6.11501840e-02  2.61146073e-05
 -8.47550668e-07 -1.58719960e-08  4.06035099e-10]---->
[ 1.44170459e-02 -4.63650111e-02 -1.11962911e-01 -3.64082583e-01
 -7.26148170e-11 -1.64568221e-15 -6.11501840e-02  2.61146073e-05
 -7.27683629e-07 -1.54433232e-08  2.24405113e-10]+[ 1.39545976e-02 -4.70919390e-02 -1.21617553e-01 -4.04578584e-01
 -7.59629371e-12 -1.64568221e-15 -6.11501840e-02  2.61146073e-05
 -1.38363322e-06 -1.54384601e-08  1.65331971e-10]
----


----
[ 1.62392200e-02 -3.83540767e-02 -1.47837095e-01 -5.49923956e-01
 -2.76429683e-10 -1.64568221e-15 -6.11501840e-02  2.61146073e-05
 -1.93230714e-06 -1.42747126e-08  8.72608925e-10]x[ 1.47516472e-02 -3.56572296e-02  0.00000000e+00  0.00000000e+00
 -1.95369389e-10 -4.00054311e-16  0.00000000e+00  2.61146073e-05
 -1.93230714e-06 -1.66745615e-08  8.73599146e-10]---->
[ 1.38250381e-02 -3.64912399e-02  5.82543703e-02 -2.13470470e-01
 -2.05551296e-10  6.29921329e-16  3.82919795e-02  2.61146073e-05
 -1.93230714e-06 -1.82408888e-08  8.73952815e-10]+[ 1.47532837e-02 -3.33443148e-02  1.10332324e-01 -4.15802795e-01
 -2.11652966e-10 -1.40786677e-15 -2.14843940e-02  2.61146073e-05
 -1.93230714e-06 -1.60432663e-08  8.74420295e-10]
----


----
[ 1.62392200e-02 -3.83540767e-02 -1.47837095e-01 -5.49923956e-01
 -2.76429683e-10 -1.64568221e-15 -6.11501840e-02  2.61146073e-05
 -1.93230714e-06 -1.42747126e-08  8.72608925e-10]x[ 1.47516472e-02 -3.56572296e-02 -1.34657969e-01 -5.49923956e-01
 -2.67939237e-10 -1.64568221e-15 -6.11501840e-02  2.61146073e-05
 -1.93230714e-06 -1.66745615e-08  8.73599146e-10]---->
[ 1.37590740e-02 -3.80884020e-02 -1.27868633e-01 -5.49923956e-01
 -2.75308549e-10 -1.64568221e-15 -6.11501840e-02  2.61146073e-05
 -1.93230714e-06 -1.73627596e-08  8.72496823e-10]+[ 1.45438757e-02 -3.69533198e-02 -1.52633712e-01 -5.49923956e-01
 -2.63531364e-10 -1.64568221e-15 -6.11501840e-02  2.61146073e-05
 -1.93230714e-06 -1.63775627e-08  8.72394162e-10]
----


----
[ 1.47516472e-02 -3.56572296e-02  0.00000000e+00  0.00000000e+00
 -1.95369389e-10 -4.00054311e-16  0.00000000e+00  2.61146073e-05
 -1.93230714e-06 -1.66745615e-08  8.73599146e-10]x[ 1.45050692e-02 -4.41301944e-02 -1.16272392e-01 -2.13493930e-01
 -3.94634659e-11 -1.64568221e-15 -6.11501840e-02  2.61146073e-05
 -8.47550668e-07 -1.58719960e-08  4.06035099e-10]---->
[ 1.45080200e-02 -4.50766659e-02 -1.32061910e-01 -2.13905026e-01
 -2.18385454e-10 -1.66594171e-15 -5.63945592e-02  2.61146073e-05
 -1.64303536e-06 -1.66883188e-08  4.45209540e-10]+[ 1.44672384e-02 -4.40975660e-02 -1.29203191e-01 -1.88479525e-01
 -1.68296310e-10 -1.67717921e-15 -5.75203418e-02  2.61146073e-05
 -1.32845427e-06 -1.65378420e-08  4.38281091e-10]
----


----
[ 1.62392200e-02 -3.83540767e-02 -1.47837095e-01 -5.49923956e-01
 -2.76429683e-10 -1.64568221e-15 -6.11501840e-02  2.61146073e-05
 -1.93230714e-06 -1.42747126e-08  8.72608925e-10]x[-7.85892735e-04 -4.04210463e-02  0.00000000e+00 -2.18931241e-01
 -2.15718253e-10 -1.39116061e-15 -3.93596349e-02  2.61146073e-05
 -1.93230714e-06 -1.66745615e-08  8.86973342e-10]---->
[ 4.48847582e-03 -3.93668025e-02 -2.54860068e-01 -9.93884976e-02
 -2.13420168e-10 -1.47600045e-15 -7.54337348e-02  2.61146073e-05
 -1.93230714e-06 -1.80108535e-08  8.93960518e-10]+[-3.48709165e-03 -4.12315877e-02  2.89197034e-02 -4.75781440e-01
 -2.04065607e-10 -1.57512877e-15 -6.75599601e-02  2.61146073e-05
 -1.93230714e-06 -1.64510134e-08  8.64890542e-10]
----


----
[ 1.62392200e-02 -3.83540767e-02 -1.47837095e-01 -5.49923956e-01
 -2.76429683e-10 -1.64568221e-15 -6.11501840e-02  2.61146073e-05
 -1.93230714e-06 -1.42747126e-08  8.72608925e-10]x[ 0.00000000e+00  0.00000000e+00  0.00000000e+00 -5.49923956e-01
 -4.13606107e-12 -1.64568221e-15 -6.11501840e-02  2.61146073e-05
 -1.93230714e-06 -1.66745615e-08  9.34656381e-10]---->
[ 1.16282385e-03 -2.81441517e-02  9.66178024e-02 -5.49923956e-01
 -6.01271769e-11 -1.64568221e-15 -6.11501840e-02  2.61146073e-05
 -1.93230714e-06 -1.71437151e-08  9.24369189e-10]+[-1.04310901e-02 -2.52474015e-02  8.67803607e-02 -5.49923956e-01
  1.58308037e-10 -1.64568221e-15 -6.11501840e-02  2.61146073e-05
 -1.93230714e-06 -1.81307135e-08  9.14566929e-10]
----


----
[ 1.62392200e-02 -3.83540767e-02 -1.47837095e-01 -5.49923956e-01
 -2.76429683e-10 -1.64568221e-15 -6.11501840e-02  2.61146073e-05
 -1.93230714e-06 -1.42747126e-08  8.72608925e-10]x[ 0.00000000e+00  0.00000000e+00  0.00000000e+00 -5.49923956e-01
 -4.13606107e-12 -1.64568221e-15 -6.11501840e-02  2.61146073e-05
 -1.93230714e-06 -1.66745615e-08  9.34656381e-10]---->
[-2.16252372e-03  7.57076569e-04 -6.71213830e-02 -5.49923956e-01
 -9.50102337e-11 -1.64568221e-15 -6.11501840e-02  2.61146073e-05
 -1.93230714e-06 -1.61214584e-08  9.07376269e-10]+[ 7.27954282e-04 -3.87580100e-02 -1.60225558e-01 -5.49923956e-01
 -3.01770136e-10 -1.64568221e-15 -6.11501840e-02  2.61146073e-05
 -1.93230714e-06 -1.71007277e-08  9.14208023e-10]
----


----
[ 1.62392200e-02 -3.83540767e-02 -1.47837095e-01 -5.49923956e-01
 -2.76429683e-10 -1.64568221e-15 -6.11501840e-02  2.61146073e-05
 -1.93230714e-06 -1.42747126e-08  8.72608925e-10]x[ 1.17849956e-02 -3.56572296e-02 -1.34657969e-01 -5.49923956e-01
  0.00000000e+00 -1.64568221e-15 -6.11501840e-02  2.61146073e-05
  0.00000000e+00 -1.66745615e-08  0.00000000e+00]---->
[ 1.25231556e-02 -3.57535030e-02 -1.25147530e-01 -5.49923956e-01
  1.65606250e-10 -1.64568221e-15 -6.11501840e-02  2.61146073e-05
 -2.02971195e-06 -1.65433134e-08 -2.48510974e-10]+[ 1.16976458e-02 -3.52318266e-02 -1.47328632e-01 -5.49923956e-01
  6.51430712e-11 -1.64568221e-15 -6.11501840e-02  2.61146073e-05
 -1.21058074e-07 -1.57511713e-08  5.13817937e-11]
----


Roullette Ends
XXXX-XXXX


Errors:>>

XXXXX-----XXXXX
kid: [ 1.44170459e-02 -4.63650111e-02 -1.11962911e-01 -2.66667990e-01
 -3.13023179e-11 -1.64568221e-15 -6.11501840e-02  2.61146073e-05
 -6.74788568e-07 -1.54433232e-08  2.24405113e-10] train error: 10897601390745.166, validation error: 14790421856659.135

kid: [ 1.39545976e-02 -4.70919390e-02 -1.20928032e-01 -4.04578584e-01
 -7.59629371e-12 -4.81058653e-16 -3.55864726e-02  2.61146073e-05
 -1.38363322e-06 -1.54384601e-08  1.65331971e-10] train error: 103787028400871.8, validation error: 188483966569263.56

kid: [ 1.38250381e-02 -2.82059067e-02  5.29358041e-02 -6.16721356e-02
 -2.05551296e-10  6.29921329e-16  3.82919795e-02  2.61146073e-05
 -1.93230714e-06 -1.82408888e-08  8.73952815e-10] train error: 687614090449.1917, validation error: 1398007728582.3455

kid: [ 4.86237471e-03 -3.33443148e-02  1.10332324e-01 -4.15802795e-01
 -2.11652966e-10 -1.40786677e-15 -1.81348091e-02  2.61146073e-05
 -1.93230714e-06 -1.60432663e-08  2.43252398e-10] train error: 203498286316144.78, validation error: 370383735932276.3

kid: [ 1.37590740e-02 -3.80884020e-02 -1.27868633e-01 -6.30991211e-01
 -2.75308549e-10 -3.05259725e-16 -6.11501840e-02  2.61146073e-05
 -1.93230714e-06 -1.73627596e-08  7.81620767e-10] train error: 7725623659959.039, validation error: 13741844527549.068

kid: [ 1.45438757e-02 -3.69533198e-02 -1.52633712e-01 -3.65592230e-01
 -7.74508835e-11 -1.64568221e-15 -6.19844593e-02  2.61146073e-05
 -1.93230714e-06 -1.63775627e-08  8.72394162e-10] train error: 1312951716861.8015, validation error: 1400841998844.0662

kid: [ 4.91029099e-03 -4.74681644e-02 -1.32061910e-01 -2.13905026e-01
 -2.18385454e-10 -1.66594171e-15 -5.63945592e-02  2.61146073e-05
 -1.40451596e-06 -1.66883188e-08  4.45209540e-10] train error: 31564466189932.562, validation error: 51886779467153.56

kid: [ 1.44672384e-02 -4.40975660e-02 -1.29203191e-01 -5.97264022e-02
 -8.43728657e-13 -1.67717921e-15 -5.75203418e-02  2.73416644e-05
 -1.32845427e-06 -1.65378420e-08  4.38281091e-10] train error: 23033086306080.348, validation error: 36512010911455.44

kid: [ 4.48847582e-03 -2.94760346e-02 -2.54860068e-01 -2.49837075e-02
 -2.13420168e-10 -1.47600045e-15 -8.29154996e-02  2.61146073e-05
 -1.93230714e-06 -1.80108535e-08  8.93960518e-10] train error: 1647010964520.6472, validation error: 2041748559970.5024

kid: [-3.15019301e-03 -4.24876883e-03  2.89197034e-02 -4.75781440e-01
 -2.04065607e-10 -1.57512877e-15 -6.75599601e-02  6.20000293e-06
 -1.93230714e-06 -1.64510134e-08  8.64890542e-10] train error: 25055819249259.977, validation error: 44217325065102.89

kid: [ 1.16282385e-03 -2.81441517e-02  6.64946930e-02 -5.49923956e-01
 -7.16639554e-11 -1.71746842e-15 -6.11501840e-02  2.61146073e-05
 -1.93230714e-06 -1.71437151e-08  9.24369189e-10] train error: 184241404964.95325, validation error: 128527668599.05534

kid: [-1.04310901e-02 -2.52474015e-02  8.67803607e-02 -4.42326695e-01
  1.58308037e-10 -1.64568221e-15 -6.11501840e-02  2.61146073e-05
 -2.19334135e-06 -1.08908474e-08  9.14566929e-10] train error: 482419897488.2054, validation error: 179943964640.527

kid: [-2.16252372e-03  7.57076569e-04 -6.25278132e-02 -5.49923956e-01
 -9.50102337e-11 -1.38343870e-15 -6.11501840e-02  1.44457631e-05
 -1.93230714e-06 -1.61214584e-08  9.07376269e-10] train error: 5398462109488.482, validation error: 8717401896067.745

kid: [ 7.27954282e-04 -3.87580100e-02 -1.28358946e-02 -2.74849348e-01
 -3.01770136e-10 -1.64568221e-15 -6.11501840e-02  2.61146073e-05
 -1.93230714e-06 -1.71007277e-08  1.00333682e-09] train error: 1829064578445.3462, validation error: 5230101346383.18

kid: [ 1.25231556e-02 -3.56816093e-02 -1.25147530e-01 -5.49923956e-01
  1.30014916e-10 -1.64568221e-15 -6.11501840e-02  2.61146073e-05
 -2.02971195e-06 -1.65433134e-08 -2.76839006e-10] train error: 706378737249294.9, validation error: 1307152988605936.0

XXXXX-----XXXXX

Best of Children: [ 1.25231556e-02 -3.56816093e-02 -1.25147530e-01 -5.49923956e-01
  1.30014916e-10 -1.64568221e-15 -6.11501840e-02  2.61146073e-05
 -2.02971195e-06 -1.65433134e-08 -2.76839006e-10]->0.432167272995442

>>>>>>>>>

GENERATION : 3

Best of Pool:[0. 0. 0. 0. 0. 0. 0. 0. 0. 0. 0.]->3977.1878208327084
Current Pool:
[[ 1.62392200e-02 -3.83540767e-02 -1.47837095e-01 -5.49923956e-01
  -2.76429683e-10 -1.64568221e-15 -6.11501840e-02  2.61146073e-05
  -1.93230714e-06 -1.42747126e-08  8.72608925e-10]
 [ 0.00000000e+00  0.00000000e+00  0.00000000e+00 -5.49923956e-01
  -4.13606107e-12 -1.64568221e-15 -6.11501840e-02  2.61146073e-05
  -1.93230714e-06 -1.66745615e-08  9.34656381e-10]
 [ 1.47516472e-02 -3.56572296e-02  0.00000000e+00  0.00000000e+00
  -1.95369389e-10 -4.00054311e-16  0.00000000e+00  2.61146073e-05
  -1.93230714e-06 -1.66745615e-08  8.73599146e-10]
 [-7.85892735e-04 -4.04210463e-02  0.00000000e+00 -2.18931241e-01
  -2.15718253e-10 -1.39116061e-15 -3.93596349e-02  2.61146073e-05
  -1.93230714e-06 -1.66745615e-08  8.86973342e-10]
 [ 1.16282385e-03 -2.81441517e-02  6.64946930e-02 -5.49923956e-01
  -7.16639554e-11 -1.71746842e-15 -6.11501840e-02  2.61146073e-05
  -1.93230714e-06 -1.71437151e-08  9.24369189e-10]
 [-1.04310901e-02 -2.52474015e-02  8.67803607e-02 -4.42326695e-01
   1.58308037e-10 -1.64568221e-15 -6.11501840e-02  2.61146073e-05
  -2.19334135e-06 -1.08908474e-08  9.14566929e-10]
 [ 1.38250381e-02 -2.82059067e-02  5.29358041e-02 -6.16721356e-02
  -2.05551296e-10  6.29921329e-16  3.82919795e-02  2.61146073e-05
  -1.93230714e-06 -1.82408888e-08  8.73952815e-10]
 [ 1.40687574e-02 -3.83262222e-02  0.00000000e+00 -2.03503516e-02
  -1.91717682e-10 -1.37354766e-15 -1.02038421e-02  2.61146073e-05
  -1.93230714e-06 -1.66745615e-08  8.75437972e-10]
 [ 1.45438757e-02 -3.69533198e-02 -1.52633712e-01 -3.65592230e-01
  -7.74508835e-11 -1.64568221e-15 -6.19844593e-02  2.61146073e-05
  -1.93230714e-06 -1.63775627e-08  8.72394162e-10]
 [ 1.47516472e-02 -3.56572296e-02 -1.34657969e-01 -5.49923956e-01
  -2.67939237e-10 -1.64568221e-15 -6.11501840e-02  2.61146073e-05
  -1.93230714e-06 -1.66745615e-08  8.73599146e-10]
 [ 1.45050692e-02 -4.41301944e-02 -1.16272392e-01 -2.13493930e-01
  -3.94634659e-11 -1.64568221e-15 -6.11501840e-02  2.61146073e-05
  -8.47550668e-07 -1.58719960e-08  4.06035099e-10]
 [ 4.48847582e-03 -2.94760346e-02 -2.54860068e-01 -2.49837075e-02
  -2.13420168e-10 -1.47600045e-15 -8.29154996e-02  2.61146073e-05
  -1.93230714e-06 -1.80108535e-08  8.93960518e-10]
 [ 1.47516472e-02  0.00000000e+00 -1.34657969e-01 -4.65658170e-01
  -2.67939237e-10  0.00000000e+00 -6.11501840e-02  2.09649077e-06
  -2.28598119e-06  0.00000000e+00  8.73599146e-10]
 [ 5.84559886e-03 -3.61924139e-02  0.00000000e+00  7.87309541e-02
  -1.92561321e-10 -5.84218831e-16 -4.98651328e-02  2.24052471e-05
  -1.93230714e-06 -1.66745615e-08  8.76048736e-10]
 [ 0.00000000e+00  0.00000000e+00  0.00000000e+00  0.00000000e+00
   0.00000000e+00  0.00000000e+00  0.00000000e+00  0.00000000e+00
   0.00000000e+00  0.00000000e+00  0.00000000e+00]]

....>>>>>....

XXXX-XXXX
Russian Roullette begins >>>


----
[ 1.16282385e-03 -2.81441517e-02  6.64946930e-02 -5.49923956e-01
 -7.16639554e-11 -1.71746842e-15 -6.11501840e-02  2.61146073e-05
 -1.93230714e-06 -1.71437151e-08  9.24369189e-10]x[ 1.47516472e-02 -3.56572296e-02 -1.34657969e-01 -5.49923956e-01
 -2.67939237e-10 -1.64568221e-15 -6.11501840e-02  2.61146073e-05
 -1.93230714e-06 -1.66745615e-08  8.73599146e-10]---->
[-8.38380775e-03 -3.88400252e-02  1.88749062e-02 -5.49923956e-01
 -2.38920926e-10 -1.65437786e-15 -6.11501840e-02  2.61146073e-05
 -1.93230714e-06 -1.74782814e-08  8.73402803e-10]+[-4.99325867e-03 -3.28884300e-02 -1.65323151e-01 -5.49923956e-01
 -2.04578740e-10 -1.77541521e-15 -6.11501840e-02  2.61146073e-05
 -1.93230714e-06 -1.73792420e-08  8.87463329e-10]
----


----
[ 1.16282385e-03 -2.81441517e-02  6.64946930e-02 -5.49923956e-01
 -7.16639554e-11 -1.71746842e-15 -6.11501840e-02  2.61146073e-05
 -1.93230714e-06 -1.71437151e-08  9.24369189e-10]x[ 1.47516472e-02 -3.56572296e-02  0.00000000e+00  0.00000000e+00
 -1.95369389e-10 -4.00054311e-16  0.00000000e+00  2.61146073e-05
 -1.93230714e-06 -1.66745615e-08  8.73599146e-10]---->
[ 8.58005537e-03 -3.59676631e-02  7.67851211e-03 -9.01106442e-02
 -2.01271489e-10 -5.68068801e-16  1.69073400e-03  2.61146073e-05
 -1.93230714e-06 -1.71215229e-08  8.79551398e-10]+[ 1.58529690e-03 -3.49679752e-02  6.57037262e-03 -1.01670300e-01
 -1.72062559e-10 -1.17377233e-15 -4.16246603e-02  2.61146073e-05
 -1.93230714e-06 -1.69897669e-08  8.78404253e-10]
----


----
[ 0.00000000e+00  0.00000000e+00  0.00000000e+00 -5.49923956e-01
 -4.13606107e-12 -1.64568221e-15 -6.11501840e-02  2.61146073e-05
 -1.93230714e-06 -1.66745615e-08  9.34656381e-10]x[ 1.40687574e-02 -3.83262222e-02  0.00000000e+00 -2.03503516e-02
 -1.91717682e-10 -1.37354766e-15 -1.02038421e-02  2.61146073e-05
 -1.93230714e-06 -1.66745615e-08  8.75437972e-10]---->
[-8.52800425e-03 -3.06477294e-02  0.00000000e+00 -7.17569286e-01
 -1.41043143e-10 -1.57863108e-15 -4.51098359e-02  2.61146073e-05
 -1.93230714e-06 -1.66745615e-08  8.71349012e-10]+[-6.81026949e-03 -3.26536441e-02  0.00000000e+00 -3.64561924e-01
 -1.47533983e-10 -1.42916589e-15 -4.02973038e-02  2.61146073e-05
 -1.93230714e-06 -1.66745615e-08  9.09891129e-10]
----


----
[ 1.62392200e-02 -3.83540767e-02 -1.47837095e-01 -5.49923956e-01
 -2.76429683e-10 -1.64568221e-15 -6.11501840e-02  2.61146073e-05
 -1.93230714e-06 -1.42747126e-08  8.72608925e-10]x[ 4.48847582e-03 -2.94760346e-02 -2.54860068e-01 -2.49837075e-02
 -2.13420168e-10 -1.47600045e-15 -8.29154996e-02  2.61146073e-05
 -1.93230714e-06 -1.80108535e-08  8.93960518e-10]---->
[ 3.90936506e-03 -3.40469618e-02 -2.99746364e-01  2.56345387e-01
 -2.56463492e-10 -1.64399039e-15 -9.08146963e-02  2.61146073e-05
 -1.93230714e-06 -1.99365470e-08  9.04818763e-10]+[ 4.21566645e-03 -3.31136573e-02 -2.47430397e-01 -9.73578559e-02
 -2.14859333e-10 -1.44616832e-15 -9.41398806e-02  2.61146073e-05
 -1.93230714e-06 -2.03238898e-08  8.81617743e-10]
----


----
[ 1.16282385e-03 -2.81441517e-02  6.64946930e-02 -5.49923956e-01
 -7.16639554e-11 -1.71746842e-15 -6.11501840e-02  2.61146073e-05
 -1.93230714e-06 -1.71437151e-08  9.24369189e-10]x[-1.04310901e-02 -2.52474015e-02  8.67803607e-02 -4.42326695e-01
  1.58308037e-10 -1.64568221e-15 -6.11501840e-02  2.61146073e-05
 -2.19334135e-06 -1.08908474e-08  9.14566929e-10]---->
[-1.40488615e-02 -2.79352791e-02  9.60808021e-02 -4.39963674e-01
  2.18734842e-10 -1.61970302e-15 -6.11501840e-02  2.61146073e-05
 -2.20733400e-06 -8.26563290e-09  9.16841410e-10]+[-1.08857841e-02 -2.37388531e-02  6.02279566e-02 -3.81567899e-01
  2.15504962e-10 -1.67486626e-15 -6.11501840e-02  2.61146073e-05
 -2.14990731e-06 -1.00379874e-08  9.09434700e-10]
----


----
[ 1.16282385e-03 -2.81441517e-02  6.64946930e-02 -5.49923956e-01
 -7.16639554e-11 -1.71746842e-15 -6.11501840e-02  2.61146073e-05
 -1.93230714e-06 -1.71437151e-08  9.24369189e-10]x[ 1.47516472e-02 -3.56572296e-02  0.00000000e+00  0.00000000e+00
 -1.95369389e-10 -4.00054311e-16  0.00000000e+00  2.61146073e-05
 -1.93230714e-06 -1.66745615e-08  8.73599146e-10]---->
[ 2.37035216e-03 -3.62749079e-02 -1.46181110e-02  5.98566256e-02
 -2.16559448e-10 -4.75263916e-16  1.69721755e-02  2.61146073e-05
 -1.93230714e-06 -1.64335292e-08  8.46562401e-10]+[ 1.67568218e-02 -3.82242296e-02 -1.32671969e-03 -5.62600311e-01
 -1.94244171e-10 -9.37057391e-16 -6.32062297e-02  2.61146073e-05
 -1.93230714e-06 -1.67038486e-08  8.67559937e-10]
----


----
[ 1.16282385e-03 -2.81441517e-02  6.64946930e-02 -5.49923956e-01
 -7.16639554e-11 -1.71746842e-15 -6.11501840e-02  2.61146073e-05
 -1.93230714e-06 -1.71437151e-08  9.24369189e-10]x[ 0.00000000e+00  0.00000000e+00  0.00000000e+00 -5.49923956e-01
 -4.13606107e-12 -1.64568221e-15 -6.11501840e-02  2.61146073e-05
 -1.93230714e-06 -1.66745615e-08  9.34656381e-10]---->
[-2.80972324e-04  1.48526213e-02  5.28660836e-02 -5.49923956e-01
  2.60929942e-11 -1.75058926e-15 -6.11501840e-02  2.61146073e-05
 -1.93230714e-06 -1.67167433e-08  9.24559410e-10]+[-2.46816097e-04 -8.62285882e-04 -3.58220389e-03 -5.49923956e-01
 -1.25081234e-10 -1.75080752e-15 -6.11501840e-02  2.61146073e-05
 -1.93230714e-06 -1.73795139e-08  9.27764774e-10]
----


----
[ 0.00000000e+00  0.00000000e+00  0.00000000e+00 -5.49923956e-01
 -4.13606107e-12 -1.64568221e-15 -6.11501840e-02  2.61146073e-05
 -1.93230714e-06 -1.66745615e-08  9.34656381e-10]x[ 4.48847582e-03 -2.94760346e-02 -2.54860068e-01 -2.49837075e-02
 -2.13420168e-10 -1.47600045e-15 -8.29154996e-02  2.61146073e-05
 -1.93230714e-06 -1.80108535e-08  8.93960518e-10]---->
[ 6.42326629e-03 -1.08984923e-02 -1.99487556e-01  2.57741452e-01
 -2.17631114e-10 -1.47082792e-15 -9.21139382e-02  2.61146073e-05
 -1.93230714e-06 -1.85591126e-08  8.92742009e-10]+[ 2.62733647e-03 -3.91956234e-02 -3.56547471e-01 -3.45035975e-01
 -1.96753554e-10 -1.53417190e-15 -8.25470624e-02  2.61146073e-05
 -1.93230714e-06 -1.80597908e-08  9.13493014e-10]
----


Roullette Ends
XXXX-XXXX


Errors:>>

XXXXX-----XXXXX
kid: [-8.38380775e-03 -3.88400252e-02  1.88749062e-02 -5.39550906e-01
 -2.03707603e-10 -1.65437786e-15 -8.64896618e-03  2.61146073e-05
 -1.93230714e-06 -1.74782814e-08  8.73402803e-10] train error: 2575973126507.64, validation error: 3321340146066.788

kid: [-4.99325867e-03 -3.28884300e-02 -1.65323151e-01 -5.49923956e-01
 -1.52778785e-10 -1.77541521e-15 -6.11501840e-02  2.61146073e-05
 -1.93230714e-06 -1.53922616e-08  5.14590971e-10] train error: 70783655671114.53, validation error: 123418297736897.97

kid: [ 2.90959188e-03 -3.59676631e-02  7.67851211e-03 -8.93170151e-02
 -2.01271489e-10 -5.68068801e-16  1.69073400e-03  2.61146073e-05
 -1.88940583e-06 -1.71215229e-08  8.79551398e-10] train error: 147763594861.60846, validation error: 195383728464.17114

kid: [ 1.58529690e-03 -3.49679752e-02  2.69731393e-03 -4.06752676e-02
 -1.72062559e-10 -8.10848374e-16 -4.16246603e-02  2.61146073e-05
 -1.93230714e-06 -1.69897669e-08  8.78404253e-10] train error: 679281457154.8085, validation error: 878970739775.6514

kid: [-8.52800425e-03 -3.06477294e-02  0.00000000e+00 -7.17569286e-01
 -1.41043143e-10 -5.64984058e-16 -4.51098359e-02  2.61146073e-05
 -1.93230714e-06 -1.03019519e-08  8.71349012e-10] train error: 4583227806787.638, validation error: 9679418947447.4

kid: [-5.46998913e-03 -3.26536441e-02  0.00000000e+00 -3.64561924e-01
 -1.47533983e-10 -1.42916589e-15 -2.42982037e-02  2.61146073e-05
 -1.93230714e-06 -1.66745615e-08  5.99239121e-10] train error: 48501339224828.03, validation error: 84826655442584.03

kid: [ 3.90936506e-03 -3.40469618e-02 -2.99746364e-01  2.56345387e-01
 -2.56463492e-10 -8.32708862e-16 -1.86765527e-02  2.61146073e-05
 -4.92557131e-07 -1.99365470e-08  9.04818763e-10] train error: 134188685235145.22, validation error: 266403966693207.3

kid: [ 5.67989986e-04 -3.31136573e-02 -2.43207947e-01 -9.73578559e-02
 -2.14859333e-10 -1.44616832e-15 -9.41398806e-02  1.65463735e-05
 -1.93230714e-06 -2.03238898e-08  8.81617743e-10] train error: 18716893255249.418, validation error: 32365859004088.855

kid: [-9.97702501e-03 -2.79352791e-02  1.04503526e-01 -4.62492563e-01
  2.18734842e-10 -1.61970302e-15 -6.11501840e-02  2.61146073e-05
 -2.20733400e-06 -8.26563290e-09  9.16841410e-10] train error: 1454682585333.1128, validation error: 2808030869485.5176

kid: [-1.08857841e-02 -2.37388531e-02  6.02279566e-02 -3.81567899e-01
  2.15504962e-10 -1.67486626e-15 -1.62862466e-02  2.41347728e-05
 -2.14990731e-06 -6.44593893e-09  9.09434700e-10] train error: 3334387846711.7607, validation error: 7423828164861.972

kid: [ 2.37035216e-03 -3.62749079e-02 -1.46181110e-02  5.98566256e-02
 -2.16559448e-10 -4.75263916e-16  4.54306775e-03  2.19323001e-05
 -1.93230714e-06 -2.37557426e-10  8.46562401e-10] train error: 28339126252342.617, validation error: 55968921592661.35

kid: [ 1.67568218e-02 -3.82242296e-02 -1.32671969e-03 -5.62600311e-01
 -1.94244171e-10 -9.37057391e-16 -6.32062297e-02  1.66999402e-05
 -1.93230714e-06 -3.69841274e-09  1.51866073e-10] train error: 152833139265108.06, validation error: 276988297998727.0

kid: [-2.80972324e-04  1.48526213e-02  5.28660836e-02 -5.49923956e-01
  2.60929942e-11 -1.75058926e-15 -6.11501840e-02  2.45203365e-05
 -7.83353507e-07 -1.67167433e-08  6.61966243e-10] train error: 19349513459493.23, validation error: 43178022158838.63

kid: [-2.46816097e-04 -8.62285882e-04 -3.58220389e-03 -7.54385097e-02
 -1.12320703e-10 -1.75080752e-15 -6.11501840e-02  1.59105074e-05
 -1.93230714e-06 -1.73795139e-08  9.27764774e-10] train error: 5539839443463.891, validation error: 8407902362376.115

kid: [ 6.42326629e-03 -1.24938385e-02 -1.99487556e-01  2.33648403e-01
 -2.17631114e-10 -1.47082792e-15 -9.21139382e-02  2.61146073e-05
 -1.96565546e-06 -1.85591126e-08  8.92742009e-10] train error: 3366812335764.887, validation error: 4807488246909.694

XXXXX-----XXXXX

Best of Children: [ 1.67568218e-02 -3.82242296e-02 -1.32671969e-03 -5.62600311e-01
 -1.94244171e-10 -9.37057391e-16 -6.32062297e-02  1.66999402e-05
 -1.93230714e-06 -3.69841274e-09  1.51866073e-10]->2.0329375871691906

>>>>>>>>>

GENERATION : 4

Best of Pool:[ 4.48847582e-03 -2.94760346e-02 -2.54860068e-01 -2.49837075e-02
 -2.13420168e-10 -1.47600045e-15 -8.29154996e-02  2.61146073e-05
 -1.93230714e-06 -1.80108535e-08  8.93960518e-10]->3977.1878208327084
Current Pool:
[[ 1.62392200e-02 -3.83540767e-02 -1.47837095e-01 -5.49923956e-01
  -2.76429683e-10 -1.64568221e-15 -6.11501840e-02  2.61146073e-05
  -1.93230714e-06 -1.42747126e-08  8.72608925e-10]
 [ 1.16282385e-03 -2.81441517e-02  6.64946930e-02 -5.49923956e-01
  -7.16639554e-11 -1.71746842e-15 -6.11501840e-02  2.61146073e-05
  -1.93230714e-06 -1.71437151e-08  9.24369189e-10]
 [ 0.00000000e+00  0.00000000e+00  0.00000000e+00 -5.49923956e-01
  -4.13606107e-12 -1.64568221e-15 -6.11501840e-02  2.61146073e-05
  -1.93230714e-06 -1.66745615e-08  9.34656381e-10]
 [-1.04310901e-02 -2.52474015e-02  8.67803607e-02 -4.42326695e-01
   1.58308037e-10 -1.64568221e-15 -6.11501840e-02  2.61146073e-05
  -2.19334135e-06 -1.08908474e-08  9.14566929e-10]
 [ 2.90959188e-03 -3.59676631e-02  7.67851211e-03 -8.93170151e-02
  -2.01271489e-10 -5.68068801e-16  1.69073400e-03  2.61146073e-05
  -1.88940583e-06 -1.71215229e-08  8.79551398e-10]
 [ 1.58529690e-03 -3.49679752e-02  2.69731393e-03 -4.06752676e-02
  -1.72062559e-10 -8.10848374e-16 -4.16246603e-02  2.61146073e-05
  -1.93230714e-06 -1.69897669e-08  8.78404253e-10]
 [-9.97702501e-03 -2.79352791e-02  1.04503526e-01 -4.62492563e-01
   2.18734842e-10 -1.61970302e-15 -6.11501840e-02  2.61146073e-05
  -2.20733400e-06 -8.26563290e-09  9.16841410e-10]
 [ 1.47516472e-02 -3.56572296e-02  0.00000000e+00  0.00000000e+00
  -1.95369389e-10 -4.00054311e-16  0.00000000e+00  2.61146073e-05
  -1.93230714e-06 -1.66745615e-08  8.73599146e-10]
 [-7.85892735e-04 -4.04210463e-02  0.00000000e+00 -2.18931241e-01
  -2.15718253e-10 -1.39116061e-15 -3.93596349e-02  2.61146073e-05
  -1.93230714e-06 -1.66745615e-08  8.86973342e-10]
 [ 1.40687574e-02 -3.83262222e-02  0.00000000e+00 -2.03503516e-02
  -1.91717682e-10 -1.37354766e-15 -1.02038421e-02  2.61146073e-05
  -1.93230714e-06 -1.66745615e-08  8.75437972e-10]
 [ 1.38250381e-02 -2.82059067e-02  5.29358041e-02 -6.16721356e-02
  -2.05551296e-10  6.29921329e-16  3.82919795e-02  2.61146073e-05
  -1.93230714e-06 -1.82408888e-08  8.73952815e-10]
 [ 1.45438757e-02 -3.69533198e-02 -1.52633712e-01 -3.65592230e-01
  -7.74508835e-11 -1.64568221e-15 -6.19844593e-02  2.61146073e-05
  -1.93230714e-06 -1.63775627e-08  8.72394162e-10]
 [ 1.47516472e-02 -3.56572296e-02 -1.34657969e-01 -5.49923956e-01
  -2.67939237e-10 -1.64568221e-15 -6.11501840e-02  2.61146073e-05
  -1.93230714e-06 -1.66745615e-08  8.73599146e-10]
 [ 1.45050692e-02 -4.41301944e-02 -1.16272392e-01 -2.13493930e-01
  -3.94634659e-11 -1.64568221e-15 -6.11501840e-02  2.61146073e-05
  -8.47550668e-07 -1.58719960e-08  4.06035099e-10]
 [ 4.48847582e-03 -2.94760346e-02 -2.54860068e-01 -2.49837075e-02
  -2.13420168e-10 -1.47600045e-15 -8.29154996e-02  2.61146073e-05
  -1.93230714e-06 -1.80108535e-08  8.93960518e-10]]

....>>>>>....

XXXX-XXXX
Russian Roullette begins >>>


----
[ 1.16282385e-03 -2.81441517e-02  6.64946930e-02 -5.49923956e-01
 -7.16639554e-11 -1.71746842e-15 -6.11501840e-02  2.61146073e-05
 -1.93230714e-06 -1.71437151e-08  9.24369189e-10]x[ 1.58529690e-03 -3.49679752e-02  2.69731393e-03 -4.06752676e-02
 -1.72062559e-10 -8.10848374e-16 -4.16246603e-02  2.61146073e-05
 -1.93230714e-06 -1.69897669e-08  8.78404253e-10]---->
[ 1.59493031e-03 -3.63144069e-02  2.14341826e-02 -5.38427102e-01
 -2.12516441e-10 -7.79913622e-16 -5.80026366e-02  2.61146073e-05
 -1.93230714e-06 -1.69483644e-08  8.91492077e-10]+[ 1.17121617e-03 -3.39772248e-02  3.84474072e-03  6.70340543e-02
 -1.54353538e-10 -1.13261490e-15 -6.39636300e-02  2.61146073e-05
 -1.93230714e-06 -1.70293861e-08  8.77406225e-10]
----


----
[ 1.16282385e-03 -2.81441517e-02  6.64946930e-02 -5.49923956e-01
 -7.16639554e-11 -1.71746842e-15 -6.11501840e-02  2.61146073e-05
 -1.93230714e-06 -1.71437151e-08  9.24369189e-10]x[ 0.00000000e+00  0.00000000e+00  0.00000000e+00 -5.49923956e-01
 -4.13606107e-12 -1.64568221e-15 -6.11501840e-02  2.61146073e-05
 -1.93230714e-06 -1.66745615e-08  9.34656381e-10]---->
[ 4.65495250e-04 -2.90115970e-02  2.39258870e-02 -5.49923956e-01
 -8.91490063e-11 -1.64609026e-15 -6.11501840e-02  2.61146073e-05
 -1.93230714e-06 -1.74889700e-08  9.38127041e-10]+[-2.35717033e-04 -1.76171270e-02 -1.66646202e-02 -5.49923956e-01
  3.19005893e-12 -1.72446956e-15 -6.11501840e-02  2.61146073e-05
 -1.93230714e-06 -1.67100312e-08  9.35587254e-10]
----


----
[ 1.62392200e-02 -3.83540767e-02 -1.47837095e-01 -5.49923956e-01
 -2.76429683e-10 -1.64568221e-15 -6.11501840e-02  2.61146073e-05
 -1.93230714e-06 -1.42747126e-08  8.72608925e-10]x[-1.04310901e-02 -2.52474015e-02  8.67803607e-02 -4.42326695e-01
  1.58308037e-10 -1.64568221e-15 -6.11501840e-02  2.61146073e-05
 -2.19334135e-06 -1.08908474e-08  9.14566929e-10]---->
[-1.16386723e-02 -3.74928811e-02 -1.66273109e-01 -5.36323408e-01
 -2.15428150e-10 -1.64568221e-15 -6.11501840e-02  2.61146073e-05
 -2.21022123e-06 -1.32767509e-08  8.96067899e-10]+[-4.47274335e-04 -3.15257828e-02 -3.25145564e-02 -5.10995812e-01
 -4.49260223e-10 -1.64568221e-15 -6.11501840e-02  2.61146073e-05
 -2.22711264e-06 -1.06527737e-08  8.81192921e-10]
----


----
[ 1.16282385e-03 -2.81441517e-02  6.64946930e-02 -5.49923956e-01
 -7.16639554e-11 -1.71746842e-15 -6.11501840e-02  2.61146073e-05
 -1.93230714e-06 -1.71437151e-08  9.24369189e-10]x[ 1.58529690e-03 -3.49679752e-02  2.69731393e-03 -4.06752676e-02
 -1.72062559e-10 -8.10848374e-16 -4.16246603e-02  2.61146073e-05
 -1.93230714e-06 -1.69897669e-08  8.78404253e-10]---->
[ 1.12956476e-03 -3.98079382e-02  1.86607041e-03  1.09693743e-01
 -1.46040398e-10 -1.55851292e-15 -5.93266123e-02  2.61146073e-05
 -1.93230714e-06 -1.69226091e-08  8.75584950e-10]+[ 1.48601264e-03 -3.92874315e-02 -1.94750046e-02 -2.23954986e-01
 -1.31784209e-10 -1.98322742e-15 -6.21222714e-02  2.61146073e-05
 -1.93230714e-06 -1.71213740e-08  8.61094180e-10]
----


----
[ 1.16282385e-03 -2.81441517e-02  6.64946930e-02 -5.49923956e-01
 -7.16639554e-11 -1.71746842e-15 -6.11501840e-02  2.61146073e-05
 -1.93230714e-06 -1.71437151e-08  9.24369189e-10]x[ 2.90959188e-03 -3.59676631e-02  7.67851211e-03 -8.93170151e-02
 -2.01271489e-10 -5.68068801e-16  1.69073400e-03  2.61146073e-05
 -1.88940583e-06 -1.71215229e-08  8.79551398e-10]---->
[ 9.22087404e-04 -3.55585655e-02  8.31679792e-03 -3.91242199e-01
 -2.41058285e-10 -1.04664933e-15 -5.87345454e-02  2.61146073e-05
 -1.87883914e-06 -1.71375299e-08  8.94417460e-10]+[ 2.33681948e-03 -3.82054807e-02  1.39386984e-02 -3.27668168e-01
 -2.54487868e-10 -3.73597818e-16 -3.92572758e-02  2.61146073e-05
 -1.91169092e-06 -1.71424592e-08  8.67065040e-10]
----


----
[-7.85892735e-04 -4.04210463e-02  0.00000000e+00 -2.18931241e-01
 -2.15718253e-10 -1.39116061e-15 -3.93596349e-02  2.61146073e-05
 -1.93230714e-06 -1.66745615e-08  8.86973342e-10]x[ 1.40687574e-02 -3.83262222e-02  0.00000000e+00 -2.03503516e-02
 -1.91717682e-10 -1.37354766e-15 -1.02038421e-02  2.61146073e-05
 -1.93230714e-06 -1.66745615e-08  8.75437972e-10]---->
[-4.39389629e-03 -4.01142580e-02  0.00000000e+00 -2.62536315e-01
 -2.04649796e-10 -1.37638220e-15 -3.82770458e-02  2.61146073e-05
 -1.93230714e-06 -1.66745615e-08  8.79068507e-10]+[ 2.23831473e-02 -4.03378186e-02  0.00000000e+00 -2.61434413e-01
 -2.38629102e-10 -1.38840132e-15  5.77741276e-03  2.61146073e-05
 -1.93230714e-06 -1.66745615e-08  8.80379428e-10]
----


----
[-1.04310901e-02 -2.52474015e-02  8.67803607e-02 -4.42326695e-01
  1.58308037e-10 -1.64568221e-15 -6.11501840e-02  2.61146073e-05
 -2.19334135e-06 -1.08908474e-08  9.14566929e-10]x[-9.97702501e-03 -2.79352791e-02  1.04503526e-01 -4.62492563e-01
  2.18734842e-10 -1.61970302e-15 -6.11501840e-02  2.61146073e-05
 -2.20733400e-06 -8.26563290e-09  9.16841410e-10]---->
[-1.06536176e-02 -2.80380020e-02  7.57237484e-02 -4.51312670e-01
  2.10121635e-10 -1.64110471e-15 -6.11501840e-02  2.61146073e-05
 -2.20966645e-06 -8.78506073e-09  9.13999212e-10]+[-1.00416506e-02 -2.66926944e-02  1.02032614e-01 -4.55308348e-01
  1.94833953e-10 -1.61599106e-15 -6.11501840e-02  2.61146073e-05
 -2.20040213e-06 -1.19987596e-08  9.16316056e-10]
----


----
[ 1.62392200e-02 -3.83540767e-02 -1.47837095e-01 -5.49923956e-01
 -2.76429683e-10 -1.64568221e-15 -6.11501840e-02  2.61146073e-05
 -1.93230714e-06 -1.42747126e-08  8.72608925e-10]x[ 1.38250381e-02 -2.82059067e-02  5.29358041e-02 -6.16721356e-02
 -2.05551296e-10  6.29921329e-16  3.82919795e-02  2.61146073e-05
 -1.93230714e-06 -1.82408888e-08  8.73952815e-10]---->
[ 1.17623258e-02 -2.22292781e-02  2.19250950e-02 -2.82081698e-01
 -1.60062096e-10 -5.54030176e-17  8.35795525e-02  2.61146073e-05
 -1.93230714e-06 -1.85380278e-08  8.73213593e-10]+[ 1.32112310e-02 -2.32261518e-02  1.67871382e-01  2.15783181e-02
 -2.84534106e-10 -2.03457254e-15  2.49378523e-02  2.61146073e-05
 -1.93230714e-06 -2.02388493e-08  8.72399882e-10]
----


Roullette Ends
XXXX-XXXX


Errors:>>

XXXXX-----XXXXX
kid: [ 7.27847234e-04 -3.63144069e-02  2.14341826e-02 -2.79705045e-01
 -2.12516441e-10 -7.79913622e-16 -5.80026366e-02  2.25364823e-06
 -1.93230714e-06 -1.69483644e-08  8.91492077e-10] train error: 24905435389857.953, validation error: 46229669720450.33

kid: [ 2.62093188e-04 -3.39772248e-02  4.56359678e-03  6.70340543e-02
 -1.54353538e-10 -1.13261490e-15 -6.18830019e-02  2.61146073e-05
 -1.93230714e-06 -1.70293861e-08  8.77406225e-10] train error: 1046670783721.947, validation error: 1289709101231.6516

kid: [ 8.94625977e-07 -2.54813278e-02  2.39258870e-02 -5.49923956e-01
 -8.91490063e-11 -1.64609026e-15 -6.11501840e-02  1.73486541e-05
 -1.93230714e-06 -1.74889700e-08  9.38127041e-10] train error: 3527519600719.182, validation error: 5119529900322.525

kid: [-2.35717033e-04 -1.76171270e-02 -1.66646202e-02 -7.14937128e-02
  3.19005893e-12 -1.72446956e-15 -6.11501840e-02  2.61146073e-05
 -1.69464039e-06 -1.67100312e-08  6.27254006e-10] train error: 19292558890868.66, validation error: 30937704415532.176

kid: [-4.28543428e-03 -3.74928811e-02 -1.66273109e-01 -4.64498894e-01
 -2.15428150e-10 -1.64568221e-15 -6.11501840e-02  2.61146073e-05
 -2.21485154e-06 -1.32767509e-08  8.96067899e-10] train error: 3666635742347.672, validation error: 4745239551717.352

kid: [-4.47274335e-04 -3.15257828e-02 -3.25145564e-02 -5.10995812e-01
 -4.49260223e-10 -1.64568221e-15 -4.66464590e-02  2.61146073e-05
 -2.22711264e-06 -6.73686090e-09  7.43205122e-10] train error: 6797463625942.475, validation error: 7936958633950.412

kid: [ 1.12956476e-03 -3.98079382e-02  8.83880579e-04  1.09693743e-01
 -1.46040398e-10 -1.55851292e-15 -5.93266123e-02  3.08662221e-05
 -1.93230714e-06 -1.69226091e-08  6.77502232e-10] train error: 21226194005217.867, validation error: 34439711506477.773

kid: [ 1.48601264e-03 -3.92874315e-02 -1.94750046e-02 -2.23954986e-01
 -1.31784209e-10 -1.98322742e-15 -6.21222714e-02  4.19061845e-06
 -2.02333478e-07 -1.71213740e-08  3.75742852e-10] train error: 4818155375552.299, validation error: 911976865513.2314

kid: [ 1.99455892e-04 -3.55585655e-02  3.48771174e-03 -2.94612261e-01
 -2.41058285e-10 -1.04664933e-15 -5.87345454e-02  2.61146073e-05
 -1.87883914e-06 -1.71375299e-08  8.94417460e-10] train error: 52053036962.50848, validation error: 99278182014.10391

kid: [ 2.33681948e-03 -3.82054807e-02  1.39386984e-02 -2.40642344e-01
 -9.48134187e-11 -3.73597818e-16 -1.81436757e-02  2.61146073e-05
 -1.91169092e-06 -1.71424592e-08  8.67065040e-10] train error: 547553261734.7612, validation error: 819847689102.5284

kid: [-1.57659819e-03 -4.01142580e-02  0.00000000e+00 -2.62536315e-01
 -2.04649796e-10 -1.37638220e-15 -1.10382144e-03  2.61146073e-05
 -1.93230714e-06 -1.66745615e-08  8.79068507e-10] train error: 957686083452.5345, validation error: 1046448005634.6682

kid: [ 2.23831473e-02 -3.58691598e-02  0.00000000e+00 -2.45380449e-01
 -2.38629102e-10 -1.38840132e-15  5.77741276e-03  2.61146073e-05
 -1.93230714e-06 -1.66745615e-08  4.43089386e-10] train error: 105351715135693.3, validation error: 189212981291692.06

kid: [-1.06536176e-02 -2.80380020e-02  7.57237484e-02 -4.51312670e-01
  2.10121635e-10 -1.70163850e-16 -3.82811524e-02  9.39507736e-07
 -2.20966645e-06 -8.78506073e-09  9.13999212e-10] train error: 11327239872613.42, validation error: 23082046987703.797

kid: [-1.00416506e-02 -2.66926944e-02  7.74880609e-02 -4.55308348e-01
  1.94833953e-10 -1.61599106e-15 -6.11501840e-02  2.61146073e-05
 -7.03973994e-07 -2.77411262e-11  9.16316056e-10] train error: 325058423875114.5, validation error: 657029485147622.8

kid: [ 1.17623258e-02 -2.22292781e-02  3.93470108e-04 -2.82081698e-01
 -1.60062096e-10 -5.54030176e-17  8.35795525e-02  1.67421014e-05
 -1.93230714e-06 -1.85380278e-08  3.57436489e-10] train error: 192602768375087.44, validation error: 366454506762814.4

XXXXX-----XXXXX

Best of Children: [-1.00416506e-02 -2.66926944e-02  7.74880609e-02 -4.55308348e-01
  1.94833953e-10 -1.61599106e-15 -6.11501840e-02  2.61146073e-05
 -7.03973994e-07 -2.77411262e-11  9.16316056e-10]->0.8710244183482084