
Errors:>>

XXXXX-----XXXXX
kid: [ 1.99455892e-04 -3.55585655e-02  3.48771174e-03 -2.94612261e-01
 -2.41058285e-10 -1.04664933e-15 -5.87345454e-02  2.61146073e-05
 -1.87883914e-06 -1.71375299e-08  8.94417460e-10] train error: 52053036962.50848, validation error: 99278182014.10391

kid: [ 1.94265670e-03 -2.64519227e-02 -1.77916583e-01 -9.00929034e-01
 -6.81703736e-11 -1.36767094e-15 -4.83312475e-02  2.61146073e-05
 -1.94179984e-06 -1.72926071e-08  9.28410190e-10] train error: 97988826344.27177, validation error: 122696162766.71017

kid: [-6.39823908e-04 -3.87416959e-02 -4.25257774e-02 -7.31677425e-01
 -4.35456659e-10 -1.95334242e-15 -3.14046450e-02  2.61146073e-05
 -1.91846413e-06 -1.77435811e-08  9.42734053e-10] train error: 118768228457.30264, validation error: 129652875276.75374

kid: [-1.46209463e-04 -2.57808397e-02 -5.63818062e-02 -5.49923956e-01
 -1.93417509e-10 -1.22372615e-15 -6.11501840e-02  2.61146073e-05
 -1.93230714e-06 -1.74019452e-08  9.23289937e-10] train error: 89116711532.48341, validation error: 120770227986.02866

kid: [ 1.62392200e-02 -3.83540767e-02 -1.47837095e-01 -5.49923956e-01
 -2.76429683e-10 -1.64568221e-15 -6.11501840e-02  2.61146073e-05
 -1.93230714e-06 -1.42747126e-08  8.72608925e-10] train error: 129508575714.74373, validation error: 114342150888.55869

kid: [ 3.41594824e-05 -2.07295852e-02  1.57799953e-02 -3.70978273e-01
 -6.10985451e-10 -1.85870692e-15 -3.94626685e-02  2.61146073e-05
 -1.92683020e-06 -1.68710137e-08  9.28340386e-10] train error: 79575339901.98817, validation error: 137054804475.64206

kid: [ 5.88536860e-04 -2.30555678e-02 -4.11873219e-02 -4.59113733e-01
 -2.57259215e-10 -1.76288296e-15 -6.11501840e-02  2.73835951e-05
 -1.93230714e-06 -1.72146107e-08  9.26231602e-10] train error: 64478428129.79564, validation error: 139937990633.29382

kid: [ 1.55740902e-03 -1.35612585e-02 -5.08639263e-02 -7.73461141e-01
 -7.89946655e-11 -9.34175388e-16 -4.55354780e-02  2.61146073e-05
 -1.94516030e-06 -1.71622418e-08  9.18634094e-10] train error: 83218052205.34537, validation error: 148831861084.53885

kid: [ 1.43133688e-04 -2.56427234e-02  3.36440962e-02 -5.49923956e-01
 -1.34337646e-10 -1.57357360e-15 -6.11501840e-02  2.61146073e-05
 -1.93230714e-06 -1.72125796e-08  9.22533260e-10] train error: 171834366185.97455, validation error: 131173505297.04587

kid: [ 7.79048647e-04 -8.32887074e-03 -4.78954782e-04 -4.31707595e-01
 -2.58880030e-10 -1.75561483e-15 -6.11501840e-02  2.61146073e-05
 -1.93230714e-06 -1.71785196e-08  9.26837903e-10] train error: 169900470807.54657, validation error: 120856648946.94868

kid: [ 3.82877483e-03 -1.38532169e-02 -1.04014473e-01 -7.46071196e-01
 -8.65342833e-11 -1.89165549e-15 -3.85386472e-02  2.61146073e-05
 -1.94509076e-06 -1.72281686e-08  9.37355178e-10] train error: 172917320408.9325, validation error: 128106666807.52792

kid: [ 1.16282385e-03 -2.81441517e-02  6.64946930e-02 -5.49923956e-01
 -7.16639554e-11 -1.71746842e-15 -6.11501840e-02  2.61146073e-05
 -1.93230714e-06 -1.71437151e-08  9.24369189e-10] train error: 184241404964.95325, validation error: 128527668599.05534

kid: [ 1.98108066e-03 -2.24497934e-02 -4.26631382e-02 -7.64630293e-01
 -6.06329380e-11 -7.49779707e-16 -4.69674573e-02  2.61146073e-05
 -1.94522505e-06 -1.71690992e-08  9.13948907e-10] train error: 97902343103.58023, validation error: 174646753940.86746

kid: [-5.26519186e-03 -1.51501138e-02 -2.54206824e-01 -5.49923956e-01
 -2.81758893e-10 -9.16991048e-16 -6.52125751e-02  2.61146073e-05
 -1.93230714e-06 -1.87179023e-08  9.40183733e-10] train error: 139825440564.23026, validation error: 192213533501.28445

kid: [ 2.90959188e-03 -3.59676631e-02  7.67851211e-03 -8.93170151e-02
 -2.01271489e-10 -5.68068801e-16  1.69073400e-03  2.61146073e-05
 -1.88940583e-06 -1.71215229e-08  8.79551398e-10] train error: 147763594861.60846, validation error: 195383728464.17114

kid: [ 2.27907345e-06 -2.69841952e-02 -4.07130219e-02 -5.76227271e-01
 -6.42367672e-11 -1.78022848e-15 -6.11501840e-02  2.61146073e-05
 -1.93230714e-06 -1.71336029e-08  9.24848449e-10] train error: 204132775215.32806, validation error: 135046410265.10416

kid: [ 3.05793122e-05 -2.78615056e-02  6.86223279e-02 -5.49923956e-01
 -1.42251247e-10 -6.52497150e-16 -2.34320339e-02  2.61146073e-05
 -1.93230714e-06 -1.71944245e-08  9.23854517e-10] train error: 75230078270.22939, validation error: 331920302942.4984

kid: [ 3.39840054e-04 -2.71615471e-02  7.73519612e-02 -6.88450802e-01
 -8.05190913e-11 -2.98973273e-16 -6.12488006e-02  2.61146073e-05
 -1.96605720e-06 -1.71473537e-08  9.03807121e-10] train error: 243498453991.3045, validation error: 404101022474.0917

kid: [ 1.30050761e-03 -6.71196415e-03 -4.61990301e-02 -8.57579603e-01
 -4.43354650e-12 -1.43540817e-15 -4.03388951e-02  2.61146073e-05
 -1.94575871e-06 -1.71848767e-08  8.90684780e-10] train error: 1259330433641.461, validation error: 1493592036156.0144

kid: [ 7.01635531e-04 -2.80170774e-02  5.94004045e-02 -5.49923956e-01
 -9.34706891e-11 -4.78703024e-16 -6.11501840e-02  2.61146073e-05
 -1.93230714e-06 -1.12163966e-08  7.30361275e-10] train error: 2007812153318.5586, validation error: 2457591668784.4673

kid: [ 1.05973285e-03 -3.21761903e-02  5.90342080e-02 -5.74311810e-01
 -9.12371629e-11 -1.72582125e-15 -6.11501840e-02  2.61146073e-05
 -1.93230714e-06 -1.71649735e-08  8.74600242e-10] train error: 2208053508425.116, validation error: 2693805116349.954

kid: [ 9.89926629e-04 -1.58730238e-03 -1.30713429e-01 -7.70775984e-01
 -8.83810912e-11 -2.50487010e-15 -4.98732323e-03  2.61146073e-05
 -1.94516810e-06 -1.37887309e-08  9.34168573e-10] train error: 639386728772.4187, validation error: 2721534142214.8154

kid: [ 1.85242706e-05 -3.36556282e-02  1.84988228e-02 -3.98844015e-01
 -7.41890106e-10 -1.91089071e-15 -2.91838136e-03  2.61146073e-05
 -1.92923596e-06 -1.93565011e-08  9.04704301e-10] train error: 3491344077538.4365, validation error: 4581356555600.941

kid: [ 1.52480790e-03 -2.85174978e-02  6.56402458e-02 -7.19145378e-01
 -2.53555716e-10 -6.92308382e-16 -5.66637693e-02  1.73229201e-05
 -1.96695397e-06 -1.71489179e-08  9.24945172e-10] train error: 3326736702326.018, validation error: 5813329989096.018

kid: [ 3.21233684e-03 -1.39872500e-02 -1.05203494e-01 -5.23043968e-01
 -7.89323817e-12 -2.00770649e-15 -3.83634029e-02  1.61547314e-05
 -1.94515832e-06 -1.72509513e-08  9.28142812e-10] train error: 6305617352790.685, validation error: 9406666517001.895

kid: [ 7.07921845e-03 -4.22918808e-03 -8.87859147e-02 -7.61688867e-01
 -1.42290096e-10 -1.86553323e-15 -5.64939813e-02  2.61146073e-05
 -1.94193961e-06 -1.22626629e-08  6.70073855e-10] train error: 15343810336702.678, validation error: 23419704622943.504

kid: [ 1.93371012e-05 -3.26916091e-02  1.31950910e-02 -3.87948372e-01
 -6.79642018e-10 -1.76526025e-15 -5.44882194e-02  2.61146073e-05
 -1.29784210e-06 -1.51895842e-08  8.97950095e-10] train error: 31638337341900.375, validation error: 68765035516126.56

kid: [ 2.57464475e-03 -1.37164869e-02 -7.97025172e-02 -7.56377749e-01
 -8.31649019e-11 -1.83566894e-15 -4.50597793e-02  2.61146073e-05
 -1.94509664e-06 -1.72599301e-08  5.16143903e-10] train error: 87230801123339.81, validation error: 153848753714693.84

kid: [ 3.72290469e-05 -2.72738570e-02 -9.44394281e-02 -7.86635858e-01
 -8.05841180e-11 -9.51168832e-16 -4.16281696e-02  2.61146073e-05
 -7.43631111e-07 -1.74259875e-08  9.19781063e-10] train error: 112146144046630.53, validation error: 224800582408918.7

kid: [ 3.49433766e-03 -1.05689686e-02 -3.77035605e-02 -8.04698376e-01
 -9.64748114e-13 -2.01346326e-15 -6.44747681e-02  2.61146073e-05
 -1.94964234e-06 -1.80957058e-08  3.71533027e-10] train error: 166974775609780.44, validation error: 299461498179998.9

XXXXX-----XXXXX


Errors:>>

XXXXX-----XXXXX
kid: [ 1.99455892e-04 -3.55585655e-02  3.48771174e-03 -2.94612261e-01
 -2.41058285e-10 -1.04664933e-15 -5.87345454e-02  2.61146073e-05
 -1.87883914e-06 -1.71375299e-08  8.94417460e-10] train error: 52053036962.50848, validation error: 99278182014.10391

kid: [ 1.94265670e-03 -2.64519227e-02 -1.77916583e-01 -9.00929034e-01
 -6.81703736e-11 -1.36767094e-15 -4.83312475e-02  2.61146073e-05
 -1.94179984e-06 -1.72926071e-08  9.28410190e-10] train error: 97988826344.27177, validation error: 122696162766.71017

kid: [-6.39823908e-04 -3.87416959e-02 -4.25257774e-02 -7.31677425e-01
 -4.35456659e-10 -1.95334242e-15 -3.14046450e-02  2.61146073e-05
 -1.91846413e-06 -1.77435811e-08  9.42734053e-10] train error: 118768228457.30264, validation error: 129652875276.75374

kid: [-1.46209463e-04 -2.57808397e-02 -5.63818062e-02 -5.49923956e-01
 -1.93417509e-10 -1.22372615e-15 -6.11501840e-02  2.61146073e-05
 -1.93230714e-06 -1.74019452e-08  9.23289937e-10] train error: 89116711532.48341, validation error: 120770227986.02866

kid: [ 1.62392200e-02 -3.83540767e-02 -1.47837095e-01 -5.49923956e-01
 -2.76429683e-10 -1.64568221e-15 -6.11501840e-02  2.61146073e-05
 -1.93230714e-06 -1.42747126e-08  8.72608925e-10] train error: 129508575714.74373, validation error: 114342150888.55869

kid: [ 3.41594824e-05 -2.07295852e-02  1.57799953e-02 -3.70978273e-01
 -6.10985451e-10 -1.85870692e-15 -3.94626685e-02  2.61146073e-05
 -1.92683020e-06 -1.68710137e-08  9.28340386e-10] train error: 79575339901.98817, validation error: 137054804475.64206

kid: [ 5.88536860e-04 -2.30555678e-02 -4.11873219e-02 -4.59113733e-01
 -2.57259215e-10 -1.76288296e-15 -6.11501840e-02  2.73835951e-05
 -1.93230714e-06 -1.72146107e-08  9.26231602e-10] train error: 64478428129.79564, validation error: 139937990633.29382

kid: [ 1.55740902e-03 -1.35612585e-02 -5.08639263e-02 -7.73461141e-01
 -7.89946655e-11 -9.34175388e-16 -4.55354780e-02  2.61146073e-05
 -1.94516030e-06 -1.71622418e-08  9.18634094e-10] train error: 83218052205.34537, validation error: 148831861084.53885

kid: [ 1.43133688e-04 -2.56427234e-02  3.36440962e-02 -5.49923956e-01
 -1.34337646e-10 -1.57357360e-15 -6.11501840e-02  2.61146073e-05
 -1.93230714e-06 -1.72125796e-08  9.22533260e-10] train error: 171834366185.97455, validation error: 131173505297.04587

kid: [ 7.79048647e-04 -8.32887074e-03 -4.78954782e-04 -4.31707595e-01
 -2.58880030e-10 -1.75561483e-15 -6.11501840e-02  2.61146073e-05
 -1.93230714e-06 -1.71785196e-08  9.26837903e-10] train error: 169900470807.54657, validation error: 120856648946.94868

XXXXX-----XXXXX

answer loaded
---------


>>>>>>>>>

GENERATION : 25

Best of Pool:[ 3.82877483e-03 -1.38532169e-02 -1.04014473e-01 -7.46071196e-01
 -8.65342833e-11 -1.89165549e-15 -3.85386472e-02  2.61146073e-05
 -1.94509076e-06 -1.72281686e-08  9.37355178e-10]->4068.6543253150426
Current Pool:
[[ 2.27907345e-06 -2.69841952e-02 -4.07130219e-02 -5.76227271e-01
  -6.42367672e-11 -1.78022848e-15 -6.11501840e-02  2.61146073e-05
  -1.93230714e-06 -1.71336029e-08  9.24848449e-10]
 [ 3.05793122e-05 -2.78615056e-02  6.86223279e-02 -5.49923956e-01
  -1.42251247e-10 -6.52497150e-16 -2.34320339e-02  2.61146073e-05
  -1.93230714e-06 -1.71944245e-08  9.23854517e-10]
 [ 3.39840054e-04 -2.71615471e-02  7.73519612e-02 -6.88450802e-01
  -8.05190913e-11 -2.98973273e-16 -6.12488006e-02  2.61146073e-05
  -1.96605720e-06 -1.71473537e-08  9.03807121e-10]
 [ 1.30050761e-03 -6.71196415e-03 -4.61990301e-02 -8.57579603e-01
  -4.43354650e-12 -1.43540817e-15 -4.03388951e-02  2.61146073e-05
  -1.94575871e-06 -1.71848767e-08  8.90684780e-10]
 [ 1.99455892e-04 -3.55585655e-02  3.48771174e-03 -2.94612261e-01
  -2.41058285e-10 -1.04664933e-15 -5.87345454e-02  2.61146073e-05
  -1.87883914e-06 -1.71375299e-08  8.94417460e-10]
 [ 1.94265670e-03 -2.64519227e-02 -1.77916583e-01 -9.00929034e-01
  -6.81703736e-11 -1.36767094e-15 -4.83312475e-02  2.61146073e-05
  -1.94179984e-06 -1.72926071e-08  9.28410190e-10]
 [-6.39823908e-04 -3.87416959e-02 -4.25257774e-02 -7.31677425e-01
  -4.35456659e-10 -1.95334242e-15 -3.14046450e-02  2.61146073e-05
  -1.91846413e-06 -1.77435811e-08  9.42734053e-10]
 [-1.46209463e-04 -2.57808397e-02 -5.63818062e-02 -5.49923956e-01
  -1.93417509e-10 -1.22372615e-15 -6.11501840e-02  2.61146073e-05
  -1.93230714e-06 -1.74019452e-08  9.23289937e-10]
 [ 1.62392200e-02 -3.83540767e-02 -1.47837095e-01 -5.49923956e-01
  -2.76429683e-10 -1.64568221e-15 -6.11501840e-02  2.61146073e-05
  -1.93230714e-06 -1.42747126e-08  8.72608925e-10]
 [ 3.41594824e-05 -2.07295852e-02  1.57799953e-02 -3.70978273e-01
  -6.10985451e-10 -1.85870692e-15 -3.94626685e-02  2.61146073e-05
  -1.92683020e-06 -1.68710137e-08  9.28340386e-10]
 [ 5.88536860e-04 -2.30555678e-02 -4.11873219e-02 -4.59113733e-01
  -2.57259215e-10 -1.76288296e-15 -6.11501840e-02  2.73835951e-05
  -1.93230714e-06 -1.72146107e-08  9.26231602e-10]
 [ 1.55740902e-03 -1.35612585e-02 -5.08639263e-02 -7.73461141e-01
  -7.89946655e-11 -9.34175388e-16 -4.55354780e-02  2.61146073e-05
  -1.94516030e-06 -1.71622418e-08  9.18634094e-10]
 [ 1.43133688e-04 -2.56427234e-02  3.36440962e-02 -5.49923956e-01
  -1.34337646e-10 -1.57357360e-15 -6.11501840e-02  2.61146073e-05
  -1.93230714e-06 -1.72125796e-08  9.22533260e-10]
 [ 7.79048647e-04 -8.32887074e-03 -4.78954782e-04 -4.31707595e-01
  -2.58880030e-10 -1.75561483e-15 -6.11501840e-02  2.61146073e-05
  -1.93230714e-06 -1.71785196e-08  9.26837903e-10]
 [ 3.82877483e-03 -1.38532169e-02 -1.04014473e-01 -7.46071196e-01
  -8.65342833e-11 -1.89165549e-15 -3.85386472e-02  2.61146073e-05
  -1.94509076e-06 -1.72281686e-08  9.37355178e-10]]

....>>>>>....

XXXX-XXXX
Russian Roullette begins >>>


----
[ 1.62392200e-02 -3.83540767e-02 -1.47837095e-01 -5.49923956e-01
 -2.76429683e-10 -1.64568221e-15 -6.11501840e-02  2.61146073e-05
 -1.93230714e-06 -1.42747126e-08  8.72608925e-10]x[ 3.41594824e-05 -2.07295852e-02  1.57799953e-02 -3.70978273e-01
 -6.10985451e-10 -1.85870692e-15 -3.94626685e-02  2.61146073e-05
 -1.92683020e-06 -1.68710137e-08  9.28340386e-10]---->
[-3.29999429e-04 -2.67984336e-02 -1.31868644e-02 -4.81263837e-01
 -6.53334863e-10 -1.85487690e-15 -3.94141712e-02  2.61146073e-05
 -1.92861502e-06 -1.67084309e-08  9.29907490e-10]+[-9.79506122e-05 -3.23745385e-02 -5.16868948e-02 -5.04477540e-01
 -6.49956655e-10 -1.86726812e-15 -3.75730564e-02  2.61146073e-05
 -1.92875288e-06 -1.72579889e-08  8.79938031e-10]
----


----
[-6.39823908e-04 -3.87416959e-02 -4.25257774e-02 -7.31677425e-01
 -4.35456659e-10 -1.95334242e-15 -3.14046450e-02  2.61146073e-05
 -1.91846413e-06 -1.77435811e-08  9.42734053e-10]x[ 1.43133688e-04 -2.56427234e-02  3.36440962e-02 -5.49923956e-01
 -1.34337646e-10 -1.57357360e-15 -6.11501840e-02  2.61146073e-05
 -1.93230714e-06 -1.72125796e-08  9.22533260e-10]---->
[ 1.12920549e-04 -4.85695134e-02  7.14776116e-03 -8.04163006e-01
 -5.37532394e-11 -1.56612626e-15 -6.88343422e-02  2.61146073e-05
 -1.93155212e-06 -1.79989093e-08  9.32367486e-10]+[ 3.21000792e-04 -3.63540860e-02  2.35190472e-02 -8.84469066e-01
 -6.56735180e-10 -2.17506577e-15 -6.63695153e-02  2.61146073e-05
 -1.92424769e-06 -1.77212418e-08  9.23728581e-10]
----


----
[ 1.99455892e-04 -3.55585655e-02  3.48771174e-03 -2.94612261e-01
 -2.41058285e-10 -1.04664933e-15 -5.87345454e-02  2.61146073e-05
 -1.87883914e-06 -1.71375299e-08  8.94417460e-10]x[ 1.94265670e-03 -2.64519227e-02 -1.77916583e-01 -9.00929034e-01
 -6.81703736e-11 -1.36767094e-15 -4.83312475e-02  2.61146073e-05
 -1.94179984e-06 -1.72926071e-08  9.28410190e-10]---->
[-1.14948530e-03 -3.59373504e-02 -1.37214072e-01 -6.18868969e-01
 -2.70358546e-10 -1.18653684e-15 -6.56837061e-02  2.61146073e-05
 -1.91864625e-06 -1.72208644e-08  8.92558468e-10]+[-7.96292837e-04 -2.83329739e-02 -1.08083112e-01 -8.92622148e-01
 -1.56097888e-10 -1.21165323e-15 -6.33305517e-02  2.61146073e-05
 -1.94168789e-06 -1.72039944e-08  8.87586917e-10]
----


----
[-1.46209463e-04 -2.57808397e-02 -5.63818062e-02 -5.49923956e-01
 -1.93417509e-10 -1.22372615e-15 -6.11501840e-02  2.61146073e-05
 -1.93230714e-06 -1.74019452e-08  9.23289937e-10]x[ 5.88536860e-04 -2.30555678e-02 -4.11873219e-02 -4.59113733e-01
 -2.57259215e-10 -1.76288296e-15 -6.11501840e-02  2.73835951e-05
 -1.93230714e-06 -1.72146107e-08  9.26231602e-10]---->
[ 1.42795804e-04 -2.17130755e-02 -4.14508438e-02 -5.22619527e-01
 -2.81740513e-10 -2.19563605e-15 -6.11501840e-02  2.69099246e-05
 -1.93230714e-06 -1.71035410e-08  9.24090793e-10]+[ 1.70015059e-04 -2.24280265e-02 -5.62339064e-02 -4.04283996e-01
 -2.84049377e-10 -2.15468601e-15 -6.11501840e-02  2.70138452e-05
 -1.93230714e-06 -1.73180490e-08  9.26764496e-10]
----


----
[ 1.94265670e-03 -2.64519227e-02 -1.77916583e-01 -9.00929034e-01
 -6.81703736e-11 -1.36767094e-15 -4.83312475e-02  2.61146073e-05
 -1.94179984e-06 -1.72926071e-08  9.28410190e-10]x[ 3.82877483e-03 -1.38532169e-02 -1.04014473e-01 -7.46071196e-01
 -8.65342833e-11 -1.89165549e-15 -3.85386472e-02  2.61146073e-05
 -1.94509076e-06 -1.72281686e-08  9.37355178e-10]---->
[ 2.03598238e-03 -3.36868790e-02 -1.27212629e-01 -7.97175431e-01
 -9.20576536e-11 -1.61488708e-15 -4.21473100e-02  2.61146073e-05
 -1.94326851e-06 -1.72253954e-08  9.33605076e-10]+[ 3.63454323e-03 -3.32025474e-02 -8.71741541e-02 -7.73517902e-01
 -8.50049475e-11 -1.89060751e-15 -4.19824783e-02  2.61146073e-05
 -1.94487607e-06 -1.72103527e-08  9.28323665e-10]
----


----
[ 1.43133688e-04 -2.56427234e-02  3.36440962e-02 -5.49923956e-01
 -1.34337646e-10 -1.57357360e-15 -6.11501840e-02  2.61146073e-05
 -1.93230714e-06 -1.72125796e-08  9.22533260e-10]x[ 7.79048647e-04 -8.32887074e-03 -4.78954782e-04 -4.31707595e-01
 -2.58880030e-10 -1.75561483e-15 -6.11501840e-02  2.61146073e-05
 -1.93230714e-06 -1.71785196e-08  9.26837903e-10]---->
[-1.10906666e-04 -3.08529266e-02  5.11675789e-03 -4.56221870e-01
 -2.63904895e-10 -1.70483908e-15 -6.11501840e-02  2.61146073e-05
 -1.93230714e-06 -1.72145895e-08  9.27941621e-10]+[ 4.82513879e-04 -6.37184792e-04 -2.26207113e-02 -4.10454758e-01
 -3.32893974e-10 -1.86792233e-15 -6.11501840e-02  2.61146073e-05
 -1.93230714e-06 -1.71873571e-08  9.20666476e-10]
----


----
[-6.39823908e-04 -3.87416959e-02 -4.25257774e-02 -7.31677425e-01
 -4.35456659e-10 -1.95334242e-15 -3.14046450e-02  2.61146073e-05
 -1.91846413e-06 -1.77435811e-08  9.42734053e-10]x[ 3.05793122e-05 -2.78615056e-02  6.86223279e-02 -5.49923956e-01
 -1.42251247e-10 -6.52497150e-16 -2.34320339e-02  2.61146073e-05
 -1.93230714e-06 -1.71944245e-08  9.23854517e-10]---->
[-4.94003162e-04 -2.50828392e-02  1.65183735e-01 -5.45701267e-01
 -1.77883011e-10 -1.77607486e-15 -1.75837743e-02  2.61146073e-05
 -1.93969522e-06 -1.71999340e-08  9.20825624e-10]+[ 2.47126745e-04 -3.65302452e-02  6.74425306e-02 -5.76624736e-01
 -2.11029133e-10 -1.91417058e-16 -2.31754007e-02  2.61146073e-05
 -1.93600642e-06 -1.77660154e-08  9.07507352e-10]
----


----
[-1.46209463e-04 -2.57808397e-02 -5.63818062e-02 -5.49923956e-01
 -1.93417509e-10 -1.22372615e-15 -6.11501840e-02  2.61146073e-05
 -1.93230714e-06 -1.74019452e-08  9.23289937e-10]x[ 1.43133688e-04 -2.56427234e-02  3.36440962e-02 -5.49923956e-01
 -1.34337646e-10 -1.57357360e-15 -6.11501840e-02  2.61146073e-05
 -1.93230714e-06 -1.72125796e-08  9.22533260e-10]---->
[-1.16676134e-04 -2.57385060e-02  1.69840100e-02 -5.49923956e-01
 -1.73046299e-10 -1.49979802e-15 -6.11501840e-02  2.61146073e-05
 -1.93230714e-06 -1.73231370e-08  9.22570678e-10]+[-2.04531664e-04 -2.57984731e-02 -3.77351828e-02 -5.49923956e-01
 -2.05219211e-10 -1.53981406e-15 -6.11501840e-02  2.61146073e-05
 -1.93230714e-06 -1.74072657e-08  9.22735762e-10]
----


Roullette Ends
XXXX-XXXX


Errors:>>

XXXXX-----XXXXX
kid: [-1.04443465e-04 -2.67984336e-02 -1.31868644e-02 -4.81263837e-01
 -6.53334863e-10 -1.85487690e-15 -3.94141712e-02  2.65684018e-05
 -1.92861502e-06 -1.67084309e-08  6.46709588e-10] train error: 37111391970983.8, validation error: 62637101781281.6

kid: [-9.79506122e-05 -3.23745385e-02 -1.76610558e-02 -5.04477540e-01
 -6.49956655e-10 -1.86726812e-15 -3.75730564e-02  2.31384357e-05
 -1.92875288e-06 -1.72579889e-08  1.29181727e-10] train error: 323439377475106.6, validation error: 591395465476366.5

kid: [ 9.22300327e-05 -4.85695134e-02  7.14776116e-03 -8.04163006e-01
 -4.09633829e-11 -1.56612626e-15 -6.88343422e-02  3.02469831e-05
 -1.93155212e-06 -1.79989093e-08  9.32367486e-10] train error: 95247254396.8565, validation error: 639585611765.4628

kid: [ 3.21000792e-04 -3.63540860e-02  2.35190472e-02 -8.84469066e-01
 -4.58881512e-10 -2.17506577e-15 -6.63695153e-02  1.97889922e-05
 -1.92424769e-06 -4.54306438e-09  9.23728581e-10] train error: 14055474595937.666, validation error: 32462088853222.293

kid: [-1.14948530e-03 -3.59373504e-02 -1.37214072e-01 -6.18868969e-01
 -7.40629218e-11 -1.18653684e-15 -3.44716953e-02  2.61146073e-05
 -1.91864625e-06 -1.60138857e-08  8.92558468e-10] train error: 59229325651.52144, validation error: 108198003053.59222

kid: [-7.96292837e-04 -7.11458080e-03 -1.08083112e-01 -9.81427034e-01
 -1.56097888e-10 -1.21165323e-15 -6.33305517e-02  2.04457084e-05
 -1.94168789e-06 -1.72039944e-08  8.87586917e-10] train error: 4371095714460.8853, validation error: 6993044674277.231

kid: [ 3.31146512e-05 -2.17130755e-02 -2.48717560e-02 -3.73407295e-01
 -2.81740513e-10 -2.19563605e-15 -6.11501840e-02  2.69099246e-05
 -1.93230714e-06 -1.71035410e-08  9.24090793e-10] train error: 315095726196.20514, validation error: 163381473322.50446

kid: [ 1.70015059e-04 -2.24280265e-02 -5.62339064e-02 -4.04283996e-01
 -2.84049377e-10 -1.53010580e-15 -6.11501840e-02  2.70138452e-05
 -1.93230714e-06 -1.28007362e-08  7.83501712e-10] train error: 1778781042498.6243, validation error: 1698640240489.3828

kid: [ 2.03598238e-03 -3.36868790e-02 -1.27212629e-01 -6.19513380e-01
 -9.20576536e-11 -1.61488708e-15 -1.00914879e-02  2.54788170e-05
 -1.94326851e-06 -1.72253954e-08  9.33605076e-10] train error: 179873430482.36038, validation error: 148819286817.7975

kid: [ 3.63454323e-03 -3.32025474e-02 -8.71741541e-02 -4.28865470e-01
 -8.50049475e-11 -6.79430245e-16 -4.19824783e-02  2.61146073e-05
 -2.17104414e-06 -1.72103527e-08  9.28323665e-10] train error: 3872005939717.5728, validation error: 6587511483790.043

kid: [-1.21023158e-04 -1.81996952e-02  5.11675789e-03 -4.56221870e-01
 -2.63904895e-10 -1.70483908e-15 -6.11501840e-02  2.61146073e-05
 -1.93230714e-06 -1.72145895e-08  1.13085233e-10] train error: 313584853465020.44, validation error: 572921409038346.8

kid: [ 4.82513879e-04 -6.37184792e-04 -2.26207113e-02 -1.22041406e-01
 -3.32893974e-10 -1.86792233e-15 -6.20129629e-02  2.61146073e-05
 -1.93230714e-06 -1.71873571e-08  6.85173355e-10] train error: 31252152947942.324, validation error: 52332460528808.8

kid: [-4.94003162e-04 -1.41780180e-02  1.65183735e-01 -5.45701267e-01
 -1.77883011e-10 -1.77607486e-15 -1.75837743e-02  2.61146073e-05
 -1.93969522e-06 -2.23295933e-09  5.07579695e-10] train error: 10300337922226.887, validation error: 11735713301639.578

kid: [ 2.47126745e-04 -1.78023652e-02  6.74425306e-02 -5.76624736e-01
 -2.11029133e-10 -1.91417058e-16 -5.41596104e-03  1.70687719e-05
 -1.93600642e-06 -1.77660154e-08  9.07507352e-10] train error: 3908626988927.1963, validation error: 7313987250276.661

kid: [-1.16676134e-04 -1.34873114e-02  1.69840100e-02 -5.49923956e-01
 -1.73046299e-10 -1.49979802e-15 -7.10008670e-02  2.61146073e-05
 -1.93230714e-06 -1.73231370e-08  1.07783241e-09] train error: 8473478301249.75, validation error: 19270450828107.133

XXXXX-----XXXXX

Best of Children: [-9.79506122e-05 -3.23745385e-02 -1.76610558e-02 -5.04477540e-01
 -6.49956655e-10 -1.86726812e-15 -3.75730564e-02  2.31384357e-05
 -1.92875288e-06 -1.72579889e-08  1.29181727e-10]->0.6893000550302786

>>>>>>>>>

GENERATION : 26

Best of Pool:[ 1.16282385e-03 -2.81441517e-02  6.64946930e-02 -5.49923956e-01
 -7.16639554e-11 -1.71746842e-15 -6.11501840e-02  2.61146073e-05
 -1.93230714e-06 -1.71437151e-08  9.24369189e-10]->4068.6543253150426
Current Pool:
[[ 1.99455892e-04 -3.55585655e-02  3.48771174e-03 -2.94612261e-01
  -2.41058285e-10 -1.04664933e-15 -5.87345454e-02  2.61146073e-05
  -1.87883914e-06 -1.71375299e-08  8.94417460e-10]
 [ 1.94265670e-03 -2.64519227e-02 -1.77916583e-01 -9.00929034e-01
  -6.81703736e-11 -1.36767094e-15 -4.83312475e-02  2.61146073e-05
  -1.94179984e-06 -1.72926071e-08  9.28410190e-10]
 [-6.39823908e-04 -3.87416959e-02 -4.25257774e-02 -7.31677425e-01
  -4.35456659e-10 -1.95334242e-15 -3.14046450e-02  2.61146073e-05
  -1.91846413e-06 -1.77435811e-08  9.42734053e-10]
 [-1.46209463e-04 -2.57808397e-02 -5.63818062e-02 -5.49923956e-01
  -1.93417509e-10 -1.22372615e-15 -6.11501840e-02  2.61146073e-05
  -1.93230714e-06 -1.74019452e-08  9.23289937e-10]
 [-1.14948530e-03 -3.59373504e-02 -1.37214072e-01 -6.18868969e-01
  -7.40629218e-11 -1.18653684e-15 -3.44716953e-02  2.61146073e-05
  -1.91864625e-06 -1.60138857e-08  8.92558468e-10]
 [ 2.03598238e-03 -3.36868790e-02 -1.27212629e-01 -6.19513380e-01
  -9.20576536e-11 -1.61488708e-15 -1.00914879e-02  2.54788170e-05
  -1.94326851e-06 -1.72253954e-08  9.33605076e-10]
 [ 3.31146512e-05 -2.17130755e-02 -2.48717560e-02 -3.73407295e-01
  -2.81740513e-10 -2.19563605e-15 -6.11501840e-02  2.69099246e-05
  -1.93230714e-06 -1.71035410e-08  9.24090793e-10]
 [ 1.62392200e-02 -3.83540767e-02 -1.47837095e-01 -5.49923956e-01
  -2.76429683e-10 -1.64568221e-15 -6.11501840e-02  2.61146073e-05
  -1.93230714e-06 -1.42747126e-08  8.72608925e-10]
 [ 3.41594824e-05 -2.07295852e-02  1.57799953e-02 -3.70978273e-01
  -6.10985451e-10 -1.85870692e-15 -3.94626685e-02  2.61146073e-05
  -1.92683020e-06 -1.68710137e-08  9.28340386e-10]
 [ 5.88536860e-04 -2.30555678e-02 -4.11873219e-02 -4.59113733e-01
  -2.57259215e-10 -1.76288296e-15 -6.11501840e-02  2.73835951e-05
  -1.93230714e-06 -1.72146107e-08  9.26231602e-10]
 [ 1.55740902e-03 -1.35612585e-02 -5.08639263e-02 -7.73461141e-01
  -7.89946655e-11 -9.34175388e-16 -4.55354780e-02  2.61146073e-05
  -1.94516030e-06 -1.71622418e-08  9.18634094e-10]
 [ 1.43133688e-04 -2.56427234e-02  3.36440962e-02 -5.49923956e-01
  -1.34337646e-10 -1.57357360e-15 -6.11501840e-02  2.61146073e-05
  -1.93230714e-06 -1.72125796e-08  9.22533260e-10]
 [ 7.79048647e-04 -8.32887074e-03 -4.78954782e-04 -4.31707595e-01
  -2.58880030e-10 -1.75561483e-15 -6.11501840e-02  2.61146073e-05
  -1.93230714e-06 -1.71785196e-08  9.26837903e-10]
 [ 3.82877483e-03 -1.38532169e-02 -1.04014473e-01 -7.46071196e-01
  -8.65342833e-11 -1.89165549e-15 -3.85386472e-02  2.61146073e-05
  -1.94509076e-06 -1.72281686e-08  9.37355178e-10]
 [ 1.16282385e-03 -2.81441517e-02  6.64946930e-02 -5.49923956e-01
  -7.16639554e-11 -1.71746842e-15 -6.11501840e-02  2.61146073e-05
  -1.93230714e-06 -1.71437151e-08  9.24369189e-10]]

....>>>>>....

XXXX-XXXX
Russian Roullette begins >>>


----
[ 1.62392200e-02 -3.83540767e-02 -1.47837095e-01 -5.49923956e-01
 -2.76429683e-10 -1.64568221e-15 -6.11501840e-02  2.61146073e-05
 -1.93230714e-06 -1.42747126e-08  8.72608925e-10]x[ 3.41594824e-05 -2.07295852e-02  1.57799953e-02 -3.70978273e-01
 -6.10985451e-10 -1.85870692e-15 -3.94626685e-02  2.61146073e-05
 -1.92683020e-06 -1.68710137e-08  9.28340386e-10]---->
[-7.27424457e-03 -4.24940127e-02 -7.50916049e-02 -5.55605524e-01
 -5.50891370e-10 -1.98515549e-15 -4.40609218e-02  2.61146073e-05
 -1.93353051e-06 -1.69468071e-08  9.22399086e-10]+[-8.50471506e-03 -4.14650676e-02  1.26406682e-01 -5.53957182e-01
 -7.41251547e-10 -1.84409975e-15 -6.65571238e-02  2.61146073e-05
 -1.93266647e-06 -1.78550758e-08  9.07729496e-10]
----


----
[ 3.41594824e-05 -2.07295852e-02  1.57799953e-02 -3.70978273e-01
 -6.10985451e-10 -1.85870692e-15 -3.94626685e-02  2.61146073e-05
 -1.92683020e-06 -1.68710137e-08  9.28340386e-10]x[ 5.88536860e-04 -2.30555678e-02 -4.11873219e-02 -4.59113733e-01
 -2.57259215e-10 -1.76288296e-15 -6.11501840e-02  2.73835951e-05
 -1.93230714e-06 -1.72146107e-08  9.26231602e-10]---->
[-4.01668496e-04 -2.12583789e-02 -2.28048805e-02 -4.20902107e-01
 -8.43051519e-10 -1.82029947e-15 -5.52684245e-02  2.53206644e-05
 -1.92857555e-06 -1.70195614e-08  9.27008367e-10]+[ 3.89486638e-04 -2.28873325e-02  5.24568303e-03 -4.02999378e-01
 -4.63164180e-10 -1.89944481e-15 -5.27896625e-02  2.65734008e-05
 -1.93114148e-06 -1.71528559e-08  9.26678933e-10]
----


----
[ 1.43133688e-04 -2.56427234e-02  3.36440962e-02 -5.49923956e-01
 -1.34337646e-10 -1.57357360e-15 -6.11501840e-02  2.61146073e-05
 -1.93230714e-06 -1.72125796e-08  9.22533260e-10]x[ 1.16282385e-03 -2.81441517e-02  6.64946930e-02 -5.49923956e-01
 -7.16639554e-11 -1.71746842e-15 -6.11501840e-02  2.61146073e-05
 -1.93230714e-06 -1.71437151e-08  9.24369189e-10]---->
[ 3.87753371e-04 -2.77419656e-02  2.64737383e-02 -5.49923956e-01
 -6.87929060e-11 -1.69871012e-15 -6.11501840e-02  2.61146073e-05
 -1.93230714e-06 -1.71562047e-08  9.23262185e-10]+[ 3.59569175e-04 -2.78982210e-02  5.23199835e-02 -5.49923956e-01
 -1.29837437e-10 -1.68567258e-15 -6.11501840e-02  2.61146073e-05
 -1.93230714e-06 -1.71937349e-08  9.22965659e-10]
----


----
[ 1.62392200e-02 -3.83540767e-02 -1.47837095e-01 -5.49923956e-01
 -2.76429683e-10 -1.64568221e-15 -6.11501840e-02  2.61146073e-05
 -1.93230714e-06 -1.42747126e-08  8.72608925e-10]x[ 3.41594824e-05 -2.07295852e-02  1.57799953e-02 -3.70978273e-01
 -6.10985451e-10 -1.85870692e-15 -3.94626685e-02  2.61146073e-05
 -1.92683020e-06 -1.68710137e-08  9.28340386e-10]---->
[-4.35057627e-04 -3.27605776e-02  3.74175611e-02 -5.43957175e-01
 -7.45523119e-10 -1.89396358e-15 -6.10886366e-02  2.61146073e-05
 -1.92566829e-06 -1.79248665e-08  8.87086829e-10]+[-4.70414643e-04 -3.86621770e-02 -2.81394373e-02 -4.72533031e-01
 -8.02663761e-10 -1.88533120e-15 -3.27390621e-02  2.61146073e-05
 -1.93037705e-06 -1.76740664e-08  8.72805011e-10]
----


----
[ 1.99455892e-04 -3.55585655e-02  3.48771174e-03 -2.94612261e-01
 -2.41058285e-10 -1.04664933e-15 -5.87345454e-02  2.61146073e-05
 -1.87883914e-06 -1.71375299e-08  8.94417460e-10]x[ 5.88536860e-04 -2.30555678e-02 -4.11873219e-02 -4.59113733e-01
 -2.57259215e-10 -1.76288296e-15 -6.11501840e-02  2.73835951e-05
 -1.93230714e-06 -1.72146107e-08  9.26231602e-10]---->
[ 2.28687961e-04 -2.64866704e-02 -5.16129978e-02 -4.69022243e-01
 -2.55313156e-10 -1.96649110e-15 -6.19647914e-02  2.56668901e-05
 -1.95778108e-06 -1.72225533e-08  8.88325482e-10]+[ 3.41879440e-04 -2.58877263e-02 -2.45985892e-02 -4.93268027e-01
 -2.61353035e-10 -1.62349902e-15 -6.14495261e-02  2.71352092e-05
 -1.95592208e-06 -1.71881557e-08  8.89606474e-10]
----


----
[-1.46209463e-04 -2.57808397e-02 -5.63818062e-02 -5.49923956e-01
 -1.93417509e-10 -1.22372615e-15 -6.11501840e-02  2.61146073e-05
 -1.93230714e-06 -1.74019452e-08  9.23289937e-10]x[ 7.79048647e-04 -8.32887074e-03 -4.78954782e-04 -4.31707595e-01
 -2.58880030e-10 -1.75561483e-15 -6.11501840e-02  2.61146073e-05
 -1.93230714e-06 -1.71785196e-08  9.26837903e-10]---->
[ 2.37984698e-04 -2.65324540e-02 -4.16181059e-02 -4.09772835e-01
 -2.72753711e-10 -1.86005451e-15 -6.11501840e-02  2.61146073e-05
 -1.93230714e-06 -1.72354169e-08  9.26369657e-10]+[ 4.14747480e-04 -1.97910913e-02 -4.09657695e-02 -5.24110913e-01
 -2.67234442e-10 -1.86828627e-15 -6.11501840e-02  2.61146073e-05
 -1.93230714e-06 -1.72238954e-08  9.23803698e-10]
----


----
[-1.46209463e-04 -2.57808397e-02 -5.63818062e-02 -5.49923956e-01
 -1.93417509e-10 -1.22372615e-15 -6.11501840e-02  2.61146073e-05
 -1.93230714e-06 -1.74019452e-08  9.23289937e-10]x[ 1.16282385e-03 -2.81441517e-02  6.64946930e-02 -5.49923956e-01
 -7.16639554e-11 -1.71746842e-15 -6.11501840e-02  2.61146073e-05
 -1.93230714e-06 -1.71437151e-08  9.24369189e-10]---->
[ 2.14426268e-03 -2.95001215e-02  4.52383011e-02 -5.49923956e-01
 -2.75138007e-10 -1.54337451e-15 -6.11501840e-02  2.61146073e-05
 -1.93230714e-06 -1.72098889e-08  9.25179830e-10]+[ 9.34499310e-04 -2.68489351e-02 -6.45208601e-02 -5.49923956e-01
 -9.88418804e-11 -1.69856585e-15 -6.11501840e-02  2.61146073e-05
 -1.93230714e-06 -1.69986521e-08  9.23069342e-10]
----


----
[-1.46209463e-04 -2.57808397e-02 -5.63818062e-02 -5.49923956e-01
 -1.93417509e-10 -1.22372615e-15 -6.11501840e-02  2.61146073e-05
 -1.93230714e-06 -1.74019452e-08  9.23289937e-10]x[ 1.62392200e-02 -3.83540767e-02 -1.47837095e-01 -5.49923956e-01
 -2.76429683e-10 -1.64568221e-15 -6.11501840e-02  2.61146073e-05
 -1.93230714e-06 -1.42747126e-08  8.72608925e-10]---->
[ 6.86397772e-03 -4.49494498e-02 -1.46776491e-01 -5.49923956e-01
 -3.28512478e-10 -1.58487115e-15 -6.11501840e-02  2.61146073e-05
 -1.93230714e-06 -1.69159418e-08  8.42047823e-10]+[-1.71655403e-03 -3.68115549e-02 -1.63194510e-01 -5.49923956e-01
 -3.18425289e-10 -1.91211951e-15 -6.11501840e-02  2.61146073e-05
 -1.93230714e-06 -1.79197362e-08  8.42178690e-10]
----


Roullette Ends
XXXX-XXXX


Errors:>>

XXXXX-----XXXXX
kid: [-8.38369600e-03 -4.79706299e-02 -7.50916049e-02 -5.55605524e-01
 -4.33915091e-10 -1.98515549e-15 -4.40609218e-02  2.61146073e-05
 -1.93353051e-06 -1.69468071e-08  9.22399086e-10] train error: 305788221670.14056, validation error: 177097855039.19226

kid: [-8.50471506e-03 -4.14650676e-02  1.26406682e-01 -5.53957182e-01
 -7.41251547e-10 -2.47386450e-16 -6.65571238e-02  2.61146073e-05
 -6.21762602e-07 -5.35159227e-09  9.07729496e-10] train error: 289686031201522.75, validation error: 571809336456781.1

kid: [-4.85179861e-05 -2.12583789e-02 -1.46857282e-02 -4.20902107e-01
 -2.78926593e-10 -1.82029947e-15 -5.52684245e-02  2.53206644e-05
 -1.92857555e-06 -1.70195614e-08  9.27008367e-10] train error: 234279465947.44302, validation error: 155635814050.32077

kid: [ 3.89486638e-04 -2.28873325e-02  7.01184492e-04 -4.02999378e-01
 -4.63164180e-10 -1.89944481e-15 -4.58027417e-04  2.65734008e-05
 -1.93114148e-06 -1.11670647e-08  9.26678933e-10] train error: 5236156367619.477, validation error: 13163677874595.79

kid: [ 3.87753371e-04 -2.77419656e-02  2.64737383e-02 -5.49923956e-01
 -5.09524141e-11 -2.47180333e-16 -6.11501840e-02  1.47118061e-05
 -1.93230714e-06 -1.71562047e-08  9.23262185e-10] train error: 3372042758938.0166, validation error: 6244897732886.684

kid: [ 3.59569175e-04 -2.78982210e-02  4.50886397e-02 -5.49923956e-01
 -6.15156081e-11 -1.68567258e-15 -6.11501840e-02  2.61146073e-05
 -1.72054848e-06 -1.71937349e-08  9.22965659e-10] train error: 2258447452268.2837, validation error: 6280419488475.4

kid: [-4.35057627e-04 -3.27605776e-02  3.74175611e-02 -5.43957175e-01
 -5.63649556e-10 -1.89396358e-15 -6.10886366e-02  2.65461543e-05
 -1.92566829e-06 -1.79248665e-08  1.12394968e-10] train error: 323940623533793.6, validation error: 590423753171944.4

kid: [-4.70414643e-04 -3.86621770e-02 -1.31921803e-03 -4.72533031e-01
 -8.02663761e-10 -1.88533120e-15 -3.27390621e-02  2.26964655e-05
 -1.93037705e-06 -1.76740664e-08  3.62105106e-10] train error: 177073545307874.78, validation error: 320140926284786.9

kid: [ 2.28687961e-04 -2.16008474e-04 -4.20404363e-02 -8.45159640e-02
 -2.55313156e-10 -1.96649110e-15 -6.19647914e-02  2.56668901e-05
 -1.95778108e-06 -1.72225533e-08  8.88325482e-10] train error: 2719516388537.2964, validation error: 3318074355583.443

kid: [ 3.41879440e-04 -2.58877263e-02 -3.98733618e-03 -4.93268027e-01
 -2.61353035e-10 -1.85906488e-15 -6.14495261e-02  2.71352092e-05
 -1.95592208e-06 -1.71881557e-08  1.63033667e-10] train error: 280493403856847.5, validation error: 509532777742862.8

kid: [ 2.37984698e-04 -2.65324540e-02 -4.16181059e-02 -2.74375506e-01
 -2.72753711e-10 -1.86005451e-15 -7.46867760e-03  6.69422900e-06
 -1.93230714e-06 -1.72354169e-08  9.26369657e-10] train error: 17002654249176.463, validation error: 28602125928873.55

kid: [ 4.14747480e-04 -1.97910913e-02 -4.09657695e-02 -5.24110913e-01
 -2.67234442e-10 -1.38011182e-15 -2.66788646e-02  2.61146073e-05
 -3.40839905e-07 -1.72238954e-08  9.23803698e-10] train error: 201662684326054.72, validation error: 404591457095168.7

kid: [ 2.14426268e-03 -2.12668547e-02  4.52383011e-02 -1.39416677e-01
 -2.75138007e-10 -1.54337451e-15 -6.11501840e-02  1.54765458e-06
 -1.93230714e-06 -1.72098889e-08  9.25179830e-10] train error: 24369655168360.812, validation error: 42947540020417.8

kid: [ 4.73067197e-05 -1.76744881e-02 -6.45208601e-02 -5.49923956e-01
 -9.88418804e-11 -1.27166389e-16 -6.11501840e-02  2.61146073e-05
 -1.93230714e-06 -1.69986521e-08  9.23069342e-10] train error: 378800484108.6969, validation error: 875373229404.837

kid: [ 2.03241392e-03 -4.49494498e-02 -1.46776491e-01 -5.49923956e-01
 -3.28512478e-10 -1.58487115e-15 -6.11501840e-02  2.61146073e-05
 -1.99742899e-06 -1.38774273e-09  8.42047823e-10] train error: 18786892077325.098, validation error: 39581118490068.516

XXXXX-----XXXXX

Best of Children: [-4.35057627e-04 -3.27605776e-02  3.74175611e-02 -5.43957175e-01
 -5.63649556e-10 -1.89396358e-15 -6.10886366e-02  2.65461543e-05
 -1.92566829e-06 -1.79248665e-08  1.12394968e-10]->0.6909271282864003

>>>>>>>>>

GENERATION : 27

Best of Pool:[ 3.82877483e-03 -1.38532169e-02 -1.04014473e-01 -7.46071196e-01
 -8.65342833e-11 -1.89165549e-15 -3.85386472e-02  2.61146073e-05
 -1.94509076e-06 -1.72281686e-08  9.37355178e-10]->4068.6543253150426
Current Pool:
[[ 1.99455892e-04 -3.55585655e-02  3.48771174e-03 -2.94612261e-01
  -2.41058285e-10 -1.04664933e-15 -5.87345454e-02  2.61146073e-05
  -1.87883914e-06 -1.71375299e-08  8.94417460e-10]
 [-1.14948530e-03 -3.59373504e-02 -1.37214072e-01 -6.18868969e-01
  -7.40629218e-11 -1.18653684e-15 -3.44716953e-02  2.61146073e-05
  -1.91864625e-06 -1.60138857e-08  8.92558468e-10]
 [ 1.94265670e-03 -2.64519227e-02 -1.77916583e-01 -9.00929034e-01
  -6.81703736e-11 -1.36767094e-15 -4.83312475e-02  2.61146073e-05
  -1.94179984e-06 -1.72926071e-08  9.28410190e-10]
 [-6.39823908e-04 -3.87416959e-02 -4.25257774e-02 -7.31677425e-01
  -4.35456659e-10 -1.95334242e-15 -3.14046450e-02  2.61146073e-05
  -1.91846413e-06 -1.77435811e-08  9.42734053e-10]
 [-4.85179861e-05 -2.12583789e-02 -1.46857282e-02 -4.20902107e-01
  -2.78926593e-10 -1.82029947e-15 -5.52684245e-02  2.53206644e-05
  -1.92857555e-06 -1.70195614e-08  9.27008367e-10]
 [-8.38369600e-03 -4.79706299e-02 -7.50916049e-02 -5.55605524e-01
  -4.33915091e-10 -1.98515549e-15 -4.40609218e-02  2.61146073e-05
  -1.93353051e-06 -1.69468071e-08  9.22399086e-10]
 [ 4.73067197e-05 -1.76744881e-02 -6.45208601e-02 -5.49923956e-01
  -9.88418804e-11 -1.27166389e-16 -6.11501840e-02  2.61146073e-05
  -1.93230714e-06 -1.69986521e-08  9.23069342e-10]
 [-1.46209463e-04 -2.57808397e-02 -5.63818062e-02 -5.49923956e-01
  -1.93417509e-10 -1.22372615e-15 -6.11501840e-02  2.61146073e-05
  -1.93230714e-06 -1.74019452e-08  9.23289937e-10]
 [ 1.62392200e-02 -3.83540767e-02 -1.47837095e-01 -5.49923956e-01
  -2.76429683e-10 -1.64568221e-15 -6.11501840e-02  2.61146073e-05
  -1.93230714e-06 -1.42747126e-08  8.72608925e-10]
 [ 3.41594824e-05 -2.07295852e-02  1.57799953e-02 -3.70978273e-01
  -6.10985451e-10 -1.85870692e-15 -3.94626685e-02  2.61146073e-05
  -1.92683020e-06 -1.68710137e-08  9.28340386e-10]
 [ 5.88536860e-04 -2.30555678e-02 -4.11873219e-02 -4.59113733e-01
  -2.57259215e-10 -1.76288296e-15 -6.11501840e-02  2.73835951e-05
  -1.93230714e-06 -1.72146107e-08  9.26231602e-10]
 [ 1.55740902e-03 -1.35612585e-02 -5.08639263e-02 -7.73461141e-01
  -7.89946655e-11 -9.34175388e-16 -4.55354780e-02  2.61146073e-05
  -1.94516030e-06 -1.71622418e-08  9.18634094e-10]
 [ 1.43133688e-04 -2.56427234e-02  3.36440962e-02 -5.49923956e-01
  -1.34337646e-10 -1.57357360e-15 -6.11501840e-02  2.61146073e-05
  -1.93230714e-06 -1.72125796e-08  9.22533260e-10]
 [ 7.79048647e-04 -8.32887074e-03 -4.78954782e-04 -4.31707595e-01
  -2.58880030e-10 -1.75561483e-15 -6.11501840e-02  2.61146073e-05
  -1.93230714e-06 -1.71785196e-08  9.26837903e-10]
 [ 3.82877483e-03 -1.38532169e-02 -1.04014473e-01 -7.46071196e-01
  -8.65342833e-11 -1.89165549e-15 -3.85386472e-02  2.61146073e-05
  -1.94509076e-06 -1.72281686e-08  9.37355178e-10]]

....>>>>>....

XXXX-XXXX
Russian Roullette begins >>>


----
[-1.46209463e-04 -2.57808397e-02 -5.63818062e-02 -5.49923956e-01
 -1.93417509e-10 -1.22372615e-15 -6.11501840e-02  2.61146073e-05
 -1.93230714e-06 -1.74019452e-08  9.23289937e-10]x[ 1.55740902e-03 -1.35612585e-02 -5.08639263e-02 -7.73461141e-01
 -7.89946655e-11 -9.34175388e-16 -4.55354780e-02  2.61146073e-05
 -1.94516030e-06 -1.71622418e-08  9.18634094e-10]---->
[-2.80582980e-05 -5.21278013e-03 -5.22304231e-02 -7.41433635e-01
 -1.60480809e-10 -7.65171672e-16 -5.27937352e-02  2.61146073e-05
 -1.94630246e-06 -1.70358642e-08  9.18996037e-10]+[ 1.39941866e-03 -6.54100710e-03 -5.09849030e-02 -8.44083672e-01
 -1.17724181e-10 -1.15315604e-15 -3.61825554e-02  2.61146073e-05
 -1.94826859e-06 -1.74570753e-08  9.15740563e-10]
----


----
[ 1.99455892e-04 -3.55585655e-02  3.48771174e-03 -2.94612261e-01
 -2.41058285e-10 -1.04664933e-15 -5.87345454e-02  2.61146073e-05
 -1.87883914e-06 -1.71375299e-08  8.94417460e-10]x[ 1.55740902e-03 -1.35612585e-02 -5.08639263e-02 -7.73461141e-01
 -7.89946655e-11 -9.34175388e-16 -4.55354780e-02  2.61146073e-05
 -1.94516030e-06 -1.71622418e-08  9.18634094e-10]---->
[ 1.22776688e-04 -2.09670653e-02 -4.78205085e-02 -8.83974464e-01
 -1.80812096e-10 -1.02878547e-15 -6.41382558e-02  2.61146073e-05
 -1.91878128e-06 -1.71515629e-08  8.77578996e-10]+[-7.46530629e-04 -4.64297842e-02 -7.35169366e-03 -7.49698972e-01
 -2.04905773e-10 -9.20095697e-16 -6.96010203e-02  2.61146073e-05
 -1.90801108e-06 -1.71579318e-08  9.08259584e-10]
----


----
[ 3.41594824e-05 -2.07295852e-02  1.57799953e-02 -3.70978273e-01
 -6.10985451e-10 -1.85870692e-15 -3.94626685e-02  2.61146073e-05
 -1.92683020e-06 -1.68710137e-08  9.28340386e-10]x[ 7.79048647e-04 -8.32887074e-03 -4.78954782e-04 -4.31707595e-01
 -2.58880030e-10 -1.75561483e-15 -6.11501840e-02  2.61146073e-05
 -1.93230714e-06 -1.71785196e-08  9.26837903e-10]---->
[-2.48957511e-05 -3.66833942e-03 -6.80675169e-03 -4.00646701e-01
 -1.17161317e-10 -1.78285667e-15 -5.95015647e-02  2.61146073e-05
 -1.92933458e-06 -1.73316710e-08  9.26615477e-10]+[ 1.81780761e-05 -6.83999377e-03  6.53502073e-05 -4.12258851e-01
 -1.72695321e-10 -1.74026179e-15 -5.60740895e-02  2.61146073e-05
 -1.93187256e-06 -1.72811078e-08  9.26516033e-10]
----


----
[ 1.99455892e-04 -3.55585655e-02  3.48771174e-03 -2.94612261e-01
 -2.41058285e-10 -1.04664933e-15 -5.87345454e-02  2.61146073e-05
 -1.87883914e-06 -1.71375299e-08  8.94417460e-10]x[-1.14948530e-03 -3.59373504e-02 -1.37214072e-01 -6.18868969e-01
 -7.40629218e-11 -1.18653684e-15 -3.44716953e-02  2.61146073e-05
 -1.91864625e-06 -1.60138857e-08  8.92558468e-10]---->
[-1.19503655e-03 -3.59796456e-02 -9.00192697e-02 -7.41624207e-01
 -1.15606922e-10 -1.19319031e-15 -2.63880680e-02  2.61146073e-05
 -1.92640838e-06 -1.60216624e-08  8.92966180e-10]+[-1.20615045e-03 -3.59349243e-02 -1.61515241e-01 -5.73339547e-01
 -4.15022055e-13 -1.15661203e-15 -5.08112006e-02  2.61146073e-05
 -1.92883182e-06 -1.74835226e-08  8.91891027e-10]
----


----
[-4.85179861e-05 -2.12583789e-02 -1.46857282e-02 -4.20902107e-01
 -2.78926593e-10 -1.82029947e-15 -5.52684245e-02  2.53206644e-05
 -1.92857555e-06 -1.70195614e-08  9.27008367e-10]x[-8.38369600e-03 -4.79706299e-02 -7.50916049e-02 -5.55605524e-01
 -4.33915091e-10 -1.98515549e-15 -4.40609218e-02  2.61146073e-05
 -1.93353051e-06 -1.69468071e-08  9.22399086e-10]---->
[-6.10440029e-03 -4.26438092e-02 -5.85661358e-02 -4.86278424e-01
 -3.85007227e-10 -1.99829575e-15 -5.85232705e-02  2.62385904e-05
 -1.93237282e-06 -1.70303797e-08  9.24221003e-10]+[-4.66405913e-03 -4.15230490e-02 -4.40142018e-02 -4.99566749e-01
 -3.68613119e-10 -2.01384231e-15 -4.63183617e-02  2.55255556e-05
 -1.93227838e-06 -1.69526404e-08  9.20339825e-10]
----


----
[-6.39823908e-04 -3.87416959e-02 -4.25257774e-02 -7.31677425e-01
 -4.35456659e-10 -1.95334242e-15 -3.14046450e-02  2.61146073e-05
 -1.91846413e-06 -1.77435811e-08  9.42734053e-10]x[ 1.55740902e-03 -1.35612585e-02 -5.08639263e-02 -7.73461141e-01
 -7.89946655e-11 -9.34175388e-16 -4.55354780e-02  2.61146073e-05
 -1.94516030e-06 -1.71622418e-08  9.18634094e-10]---->
[ 8.77889742e-04 -8.55456522e-03 -5.29507565e-02 -7.70805454e-01
 -3.67435127e-10 -1.11589791e-15 -4.94288716e-02  2.61146073e-05
 -1.95096818e-06 -1.75442996e-08  9.15939804e-10]+[-9.30651755e-05 -3.81167657e-02 -5.01062091e-02 -7.89239616e-01
  7.57942230e-11 -1.07505351e-15 -4.77862962e-02  2.61146073e-05
 -1.94132578e-06 -1.70507021e-08  9.18203635e-10]
----


----
[-1.14948530e-03 -3.59373504e-02 -1.37214072e-01 -6.18868969e-01
 -7.40629218e-11 -1.18653684e-15 -3.44716953e-02  2.61146073e-05
 -1.91864625e-06 -1.60138857e-08  8.92558468e-10]x[ 1.94265670e-03 -2.64519227e-02 -1.77916583e-01 -9.00929034e-01
 -6.81703736e-11 -1.36767094e-15 -4.83312475e-02  2.61146073e-05
 -1.94179984e-06 -1.72926071e-08  9.28410190e-10]---->
[ 1.21512768e-03 -3.09422540e-02 -1.79428240e-01 -9.52811697e-01
 -7.19985717e-11 -1.39645615e-15 -5.01457633e-02  2.61146073e-05
 -1.94431723e-06 -1.74855178e-08  9.32542941e-10]+[ 1.71833537e-03 -2.94092098e-02 -1.82872701e-01 -9.09456650e-01
 -7.32649944e-11 -1.39880310e-15 -5.07739791e-02  2.61146073e-05
 -1.94564588e-06 -1.74178924e-08  9.11481088e-10]
----


----
[ 1.62392200e-02 -3.83540767e-02 -1.47837095e-01 -5.49923956e-01
 -2.76429683e-10 -1.64568221e-15 -6.11501840e-02  2.61146073e-05
 -1.93230714e-06 -1.42747126e-08  8.72608925e-10]x[ 3.41594824e-05 -2.07295852e-02  1.57799953e-02 -3.70978273e-01
 -6.10985451e-10 -1.85870692e-15 -3.94626685e-02  2.61146073e-05
 -1.92683020e-06 -1.68710137e-08  9.28340386e-10]---->
[-6.36129555e-04 -3.31256297e-02  5.49161328e-02 -3.78272189e-01
 -6.72021633e-10 -1.90944694e-15 -4.20997280e-02  2.61146073e-05
 -1.92546225e-06 -1.70538917e-08  9.39098566e-10]+[ 1.08561730e-03 -1.46721191e-02  3.75998997e-02 -4.52570295e-01
 -7.05619995e-10 -1.86065974e-15 -3.62401919e-02  2.61146073e-05
 -1.93003123e-06 -1.72546605e-08  8.73918932e-10]
----


Roullette Ends
XXXX-XXXX


Errors:>>

XXXXX-----XXXXX
kid: [-2.80582980e-05 -5.21278013e-03 -5.22304231e-02 -7.41433635e-01
 -1.60480809e-10 -7.65171672e-16 -3.79892056e-02  1.50026607e-05
 -1.94630246e-06 -1.91503684e-08  9.18996037e-10] train error: 9678853511116.145, validation error: 17314029844235.598

kid: [ 1.39941866e-03 -1.16117944e-03 -4.92581817e-02 -1.45020674e-01
 -1.17724181e-10 -1.15315604e-15 -3.61825554e-02  2.61146073e-05
 -1.94826859e-06 -1.74570753e-08  9.15740563e-10] train error: 315987648724.0542, validation error: 324159661485.8617

kid: [ 1.22776688e-04 -2.09670653e-02 -5.14653148e-02 -8.83974464e-01
 -1.80812096e-10 -1.02878547e-15 -6.41382558e-02  1.52182023e-06
 -1.91878128e-06 -1.71515629e-08  1.03087513e-09] train error: 6211777345737.207, validation error: 9810476840326.207

kid: [-7.65801129e-04 -4.64297842e-02 -7.35169366e-03 -7.49698972e-01
 -2.04905773e-10 -9.20095697e-16 -6.96010203e-02  1.98566284e-05
 -1.72526625e-06 -1.71579318e-08  9.08259584e-10] train error: 361879886549.8615, validation error: 763481180439.8088

kid: [-2.48957511e-05 -3.66833942e-03 -6.80675169e-03 -4.00646701e-01
 -1.17161317e-10 -1.78285667e-15 -3.57091699e-02  2.89564376e-05
 -5.59012904e-07 -1.73316710e-08  9.26615477e-10] train error: 157064602235003.2, validation error: 320898603199917.56

kid: [ 8.92958736e-06 -6.83999377e-03  6.53502073e-05 -4.12258851e-01
 -1.72695321e-10 -1.74026179e-15 -6.20195681e-02  1.86723884e-05
 -1.93187256e-06 -1.72811078e-08  9.26516033e-10] train error: 3310656730634.8936, validation error: 4664462935525.848

kid: [-9.66438779e-04 -3.59796456e-02 -1.26869593e-02 -7.41624207e-01
 -1.15606922e-10 -1.19319031e-15 -2.90379725e-02  2.61146073e-05
 -1.92640838e-06 -1.60216624e-08  8.92966180e-10] train error: 90714518631.85307, validation error: 105822683877.40092

kid: [-6.72795266e-04 -3.59349243e-02 -1.61515241e-01 -5.73339547e-01
 -4.15022055e-13 -1.15661203e-15 -7.45701896e-03  2.61146073e-05
 -1.92883182e-06 -1.04520143e-10  8.91891027e-10] train error: 45489000472111.5, validation error: 92664065441052.53

kid: [-6.10440029e-03 -4.26438092e-02 -3.10335437e-03 -4.86278424e-01
 -3.85007227e-10 -1.99829575e-15 -1.91515751e-02  2.62385904e-05
 -6.09202641e-07 -1.70303797e-08  9.24221003e-10] train error: 133382988427284.05, validation error: 274114787274364.66

kid: [-5.31082646e-03 -4.15230490e-02 -1.53004920e-02 -4.99566749e-01
 -3.68613119e-10 -2.01384231e-15 -4.63183617e-02  2.55255556e-05
 -1.22342244e-06 -1.69526404e-08  9.20339825e-10] train error: 33457838897733.195, validation error: 72673070648297.3

kid: [ 8.77889742e-04 -8.55456522e-03 -5.29507565e-02 -6.17573382e-01
 -4.31902112e-10 -1.11589791e-15 -4.94288716e-02  2.61146073e-05
 -1.95096818e-06 -1.58778201e-08  9.15939804e-10] train error: 51740354631.96269, validation error: 351121140601.6912

kid: [-6.05485556e-05 -3.81167657e-02 -5.01062091e-02 -7.89239616e-01
  7.57942230e-11 -1.07505351e-15 -4.38532395e-02  9.43618884e-06
 -1.94132578e-06 -1.70507021e-08  9.18203635e-10] train error: 11416936305130.479, validation error: 20125946840847.91

kid: [ 1.21512768e-03 -3.09422540e-02 -1.79428240e-01 -1.06477201e+00
 -7.19985717e-11 -1.39645615e-15 -5.01457633e-02  3.58220318e-07
 -1.94431723e-06 -6.75204084e-09  9.32542941e-10] train error: 451690884044.56104, validation error: 904918063805.2021

kid: [ 1.71833537e-03 -1.62567557e-02 -1.82872701e-01 -9.09456650e-01
 -7.32649944e-11 -1.39880310e-15 -1.92132378e-03  2.61146073e-05
 -2.03591495e-07 -1.74178924e-08  9.11481088e-10] train error: 227460424596299.84, validation error: 455518111988402.7

kid: [-6.36129555e-04 -3.31256297e-02  5.49161328e-02 -3.78272189e-01
 -6.72021633e-10 -1.90944694e-15 -4.20997280e-02  2.41504816e-05
 -1.92546225e-06 -1.71208948e-08  4.64356532e-10] train error: 112166364533302.6, validation error: 199526010011414.06

XXXXX-----XXXXX