Starting from init...
starting....

Errors:>>

XXXXX-----XXXXX
kid: [0. 0. 0. 0. 0. 0. 0. 0. 0. 0. 0.] train error: 2031280283262.183, validation error: 3624979221727.6943

kid: [ 0.          0.16994171  0.          0.          0.46101773  0.
  0.          0.         -0.19215885 -0.31423641  0.        ] train error: 1.9514800896037198e+28, validation error: 3.744426413607522e+28

kid: [ 0.         -0.03346066  0.          0.          0.15227934  0.
  0.          0.          0.          0.          0.        ] train error: 2844944502317.7046, validation error: 5204908872956.683

kid: [0.15244702 0.         0.33761103 0.         0.         0.
 0.         0.         0.         0.46979552 0.        ] train error: 4.256719042697036e+28, validation error: 8.160479101522158e+28

kid: [ 0.03729525  0.          0.          0.          0.          0.
  0.          0.          0.46406881  0.         -0.1982279 ] train error: 1.7797850547235872e+31, validation error: 3.3670421431620865e+31

kid: [ 0.          0.          0.          0.          0.          0.
  0.         -0.13974836  0.         -0.67041494  0.        ] train error: 8.67006068457563e+28, validation error: 1.6621250007837445e+29

kid: [0.         0.17969859 0.         0.         0.         0.
 0.         0.         0.         0.         0.27639482] train error: 3.4670680900204554e+31, validation error: 6.5592607153634325e+31

kid: [ 0.          0.          0.53866675  0.         -0.19167532  0.
  0.          0.         -0.23981885  0.          0.07130449] train error: 2.300880282836772e+30, validation error: 4.352812688251241e+30

kid: [0.         0.         0.         0.         0.         0.
 0.08794422 0.         0.         0.17220875 0.        ] train error: 5.719627062634451e+27, validation error: 1.0964993683224702e+28

kid: [0.33907234 0.70644264 0.39013702 0.         0.         0.
 0.         0.         0.2678463  0.         0.        ] train error: 5.924374273845454e+24, validation error: 1.1485985008138378e+25

kid: [ 0.          0.          0.          0.68440064  0.          0.
 -0.16868012  0.          0.          0.          0.        ] train error: 2062468045164.98, validation error: 3766985162036.4854

kid: [ 0.         -0.35284871  0.09584345 -0.42421282  0.          0.
  0.          0.          0.         -0.12431218  0.        ] train error: 2.980468892555551e+27, validation error: 5.713802915459511e+27

kid: [ 0.          0.         -0.38256245  0.          0.37428294  0.
  0.         -0.28285141  0.          0.          0.        ] train error: 2.859310162338427e+21, validation error: 5.5877297326614e+21

kid: [ 0.          0.          0.          0.         -0.16854656  0.
 -0.53995073  0.          0.          0.          0.        ] train error: 1311790578758.43, validation error: 2217868517756.8496

kid: [ 0.          0.12477778  0.0641145   0.          0.          0.03534959
  0.          0.          0.          0.         -0.51817778] train error: 4.5769476738147704e+38, validation error: 4.656039049425509e+38

kid: [ 0.          0.          0.          0.32683974  0.          0.
 -0.18843896  0.          0.          0.          0.18433438] train error: 1.5421096079010519e+31, validation error: 2.9174791805783757e+31

XXXXX-----XXXXX

---------


>>>>>>>>>

GENERATION : 1

Best of Pool:[ 0.         -0.35284871  0.09584345 -0.42421282  0.          0.
  0.          0.          0.         -0.12431218  0.        ]->1103.657816793776
Current Pool:
[[ 0.          0.16994171  0.          0.          0.46101773  0.
   0.          0.         -0.19215885 -0.31423641  0.        ]
 [ 0.          0.          0.          0.         -0.16854656  0.
  -0.53995073  0.          0.          0.          0.        ]
 [ 0.          0.          0.          0.          0.          0.
   0.          0.          0.          0.          0.        ]
 [ 0.          0.          0.          0.68440064  0.          0.
  -0.16868012  0.          0.          0.          0.        ]
 [ 0.         -0.03346066  0.          0.          0.15227934  0.
   0.          0.          0.          0.          0.        ]
 [ 0.          0.         -0.38256245  0.          0.37428294  0.
   0.         -0.28285141  0.          0.          0.        ]
 [ 0.33907234  0.70644264  0.39013702  0.          0.          0.
   0.          0.          0.2678463   0.          0.        ]
 [ 0.         -0.35284871  0.09584345 -0.42421282  0.          0.
   0.          0.          0.         -0.12431218  0.        ]]

....>>>>>....

XXXX-XXXX
Russian Roullette begins >>>


----
[ 0.          0.          0.          0.         -0.16854656  0.
 -0.53995073  0.          0.          0.          0.        ]x[ 0.         -0.03346066  0.          0.          0.15227934  0.
  0.          0.          0.          0.          0.        ]---->
[ 0.         -0.01646473  0.          0.          0.29026508  0.
  0.18902567  0.          0.          0.          0.        ]+[ 0.         -0.03433593  0.          0.         -0.23960124  0.
  0.15378435  0.          0.          0.          0.        ]
----


----
[ 0.          0.          0.          0.         -0.16854656  0.
 -0.53995073  0.          0.          0.          0.        ]x[0. 0. 0. 0. 0. 0. 0. 0. 0. 0. 0.]---->
[ 0.          0.          0.          0.          0.10006473  0.
 -0.62630114  0.          0.          0.          0.        ]+[ 0.          0.          0.          0.         -0.03384691  0.
  0.0161585   0.          0.          0.          0.        ]
----


----
[0. 0. 0. 0. 0. 0. 0. 0. 0. 0. 0.]x[ 0.          0.          0.          0.68440064  0.          0.
 -0.16868012  0.          0.          0.          0.        ]---->
[ 0.          0.          0.          0.69222632  0.          0.
 -0.13317942  0.          0.          0.          0.        ]+[ 0.          0.          0.          1.0117635   0.          0.
 -0.25414549  0.          0.          0.          0.        ]
----


----
[0. 0. 0. 0. 0. 0. 0. 0. 0. 0. 0.]x[ 0.          0.          0.          0.68440064  0.          0.
 -0.16868012  0.          0.          0.          0.        ]---->
[ 0.          0.          0.          0.19187099  0.          0.
 -0.18366526  0.          0.          0.          0.        ]+[ 0.          0.          0.          0.76736684  0.          0.
 -0.14927187  0.          0.          0.          0.        ]
----


Roullette Ends
XXXX-XXXX


Errors:>>

XXXXX-----XXXXX
kid: [ 0.         -0.01615774  0.          0.          0.29026508  0.
  0.18902567  0.          0.          0.          0.        ] train error: 3716371639288.6475, validation error: 6889565951082.222

kid: [ 0.         -0.03433593  0.          0.         -0.23960124  0.
  0.15923122  0.          0.          0.          0.        ] train error: 1065489506936.0735, validation error: 1732215962817.4614

kid: [ 0.          0.          0.          0.          0.10006473  0.
 -0.62630114  0.          0.          0.          0.        ] train error: 2548451741888.3096, validation error: 4630167604881.528

kid: [ 0.          0.          0.          0.         -0.03420948  0.
  0.0161585   0.          0.          0.          0.        ] train error: 1869856522910.0786, validation error: 3310349881484.1143

kid: [ 0.          0.          0.          0.69222632  0.          0.
 -0.12916053  0.          0.          0.          0.        ] train error: 2062833878339.463, validation error: 3768625177723.3154

kid: [ 0.          0.          0.          1.0117635   0.          0.
 -0.26037206  0.          0.          0.          0.        ] train error: 2077948834092.731, validation error: 3835904157168.496

kid: [ 0.          0.          0.          0.19539383  0.          0.
 -0.18983515  0.          0.          0.          0.        ] train error: 2040021804647.8765, validation error: 3665234454990.772

kid: [ 0.          0.          0.          0.76736684  0.          0.
 -0.1441258   0.          0.          0.          0.        ] train error: 2066357010636.0156, validation error: 3784390966008.229

XXXXX-----XXXXX

Best of Children: [ 0.         -0.01615774  0.          0.          0.29026508  0.
  0.18902567  0.          0.          0.          0.        ]->315.13985647943923

>>>>>>>>>

GENERATION : 2

Best of Pool:[ 0.          0.          0.          0.76736684  0.          0.
 -0.1441258   0.          0.          0.          0.        ]->1499.8654863305771
Current Pool:
[[ 0.          0.          0.          0.         -0.16854656  0.
  -0.53995073  0.          0.          0.          0.        ]
 [ 0.         -0.03433593  0.          0.         -0.23960124  0.
   0.15923122  0.          0.          0.          0.        ]
 [ 0.          0.          0.          0.         -0.03420948  0.
   0.0161585   0.          0.          0.          0.        ]
 [ 0.          0.          0.          0.19539383  0.          0.
  -0.18983515  0.          0.          0.          0.        ]
 [ 0.          0.          0.          0.          0.          0.
   0.          0.          0.          0.          0.        ]
 [ 0.          0.          0.          0.68440064  0.          0.
  -0.16868012  0.          0.          0.          0.        ]
 [ 0.          0.          0.          0.69222632  0.          0.
  -0.12916053  0.          0.          0.          0.        ]
 [ 0.          0.          0.          0.76736684  0.          0.
  -0.1441258   0.          0.          0.          0.        ]]

....>>>>>....

XXXX-XXXX
Russian Roullette begins >>>


----
[ 0.          0.          0.          0.         -0.03420948  0.
  0.0161585   0.          0.          0.          0.        ]x[ 0.          0.          0.          0.19539383  0.          0.
 -0.18983515  0.          0.          0.          0.        ]---->
[ 0.          0.          0.         -0.04189761 -0.02915209  0.
 -0.22701509  0.          0.          0.          0.        ]+[ 0.          0.          0.         -0.00197069 -0.03680553  0.
 -0.3206529   0.          0.          0.          0.        ]
----


----
[ 0.          0.          0.          0.69222632  0.          0.
 -0.12916053  0.          0.          0.          0.        ]x[ 0.          0.          0.          0.76736684  0.          0.
 -0.1441258   0.          0.          0.          0.        ]---->
[ 0.          0.          0.          0.72787971  0.          0.
 -0.15727642  0.          0.          0.          0.        ]+[ 0.          0.          0.          0.82240909  0.          0.
 -0.14696417  0.          0.          0.          0.        ]
----


----
[ 0.         -0.03433593  0.          0.         -0.23960124  0.
  0.15923122  0.          0.          0.          0.        ]x[0. 0. 0. 0. 0. 0. 0. 0. 0. 0. 0.]---->
[ 0.         -0.02049752  0.          0.         -0.23252823  0.
  0.03277284  0.          0.          0.          0.        ]+[ 0.          0.00414311  0.          0.          0.06005914  0.
 -0.03274591  0.          0.          0.          0.        ]
----


----
[ 0.         -0.03433593  0.          0.         -0.23960124  0.
  0.15923122  0.          0.          0.          0.        ]x[ 0.          0.          0.          0.19539383  0.          0.
 -0.18983515  0.          0.          0.          0.        ]---->
[ 0.         -0.05191517  0.          0.18421323 -0.39014743  0.
 -0.00925789  0.          0.          0.          0.        ]+[ 0.         -0.05489075  0.          0.12762956 -0.18302323  0.
 -0.15105299  0.          0.          0.          0.        ]
----


Roullette Ends
XXXX-XXXX


Errors:>>

XXXXX-----XXXXX
kid: [ 0.          0.          0.         -0.04189761 -0.02915209  0.
 -0.23305346  0.          0.          0.          0.        ] train error: 1891487990265.2173, validation error: 3347664157780.4326

kid: [ 0.          0.          0.         -0.00197069 -0.03715824  0.
 -0.31073155  0.          0.          0.          0.        ] train error: 1856228745440.7976, validation error: 3283537149364.545

kid: [ 0.          0.          0.          0.69708157  0.          0.
 -0.15727642  0.          0.          0.          0.        ] train error: 2063060939558.291, validation error: 3769642868365.2515

kid: [ 0.          0.          0.          0.82240909  0.          0.
 -0.14227456  0.          0.          0.          0.        ] train error: 2068949974993.6235, validation error: 3795961305303.2627

kid: [ 0.         -0.02049752  0.          0.         -0.23252823  0.
  0.0315976   0.          0.          0.          0.        ] train error: 1088491548868.263, validation error: 1777701267639.188

kid: [ 0.          0.00407427  0.          0.          0.05999168  0.
 -0.03274591  0.          0.          0.          0.        ] train error: 2333288374576.767, validation error: 4212431958820.7954

kid: [ 0.         -0.05191517  0.          0.18421323 -0.3976999   0.
 -0.00969331  0.          0.          0.          0.        ] train error: 639918130156.4934, validation error: 898404315070.956

kid: [ 0.         -0.05430809  0.          0.1292838  -0.17416852  0.
 -0.15105299  0.          0.          0.          0.        ] train error: 1294653753464.033, validation error: 2197565668222.1743

XXXXX-----XXXXX

Best of Children: [ 0.          0.00407427  0.          0.          0.05999168  0.
 -0.03274591  0.          0.          0.          0.        ]->532.1573127166309

>>>>>>>>>

GENERATION : 3

Best of Pool:[ 0.          0.          0.         -0.04189761 -0.02915209  0.
 -0.23305346  0.          0.          0.          0.        ]->3868.6787084227212
Current Pool:
[[ 0.         -0.03433593  0.          0.         -0.23960124  0.
   0.15923122  0.          0.          0.          0.        ]
 [ 0.         -0.05191517  0.          0.18421323 -0.3976999   0.
  -0.00969331  0.          0.          0.          0.        ]
 [ 0.         -0.02049752  0.          0.         -0.23252823  0.
   0.0315976   0.          0.          0.          0.        ]
 [ 0.         -0.05430809  0.          0.1292838  -0.17416852  0.
  -0.15105299  0.          0.          0.          0.        ]
 [ 0.          0.          0.          0.         -0.16854656  0.
  -0.53995073  0.          0.          0.          0.        ]
 [ 0.          0.          0.         -0.00197069 -0.03715824  0.
  -0.31073155  0.          0.          0.          0.        ]
 [ 0.          0.          0.          0.         -0.03420948  0.
   0.0161585   0.          0.          0.          0.        ]
 [ 0.          0.          0.         -0.04189761 -0.02915209  0.
  -0.23305346  0.          0.          0.          0.        ]]

....>>>>>....

XXXX-XXXX
Russian Roullette begins >>>


----
[ 0.         -0.05191517  0.          0.18421323 -0.3976999   0.
 -0.00969331  0.          0.          0.          0.        ]x[ 0.          0.          0.         -0.00197069 -0.03715824  0.
 -0.31073155  0.          0.          0.          0.        ]---->
[ 0.          0.03425271  0.          0.10871622 -0.47883053  0.
 -0.55287602  0.          0.          0.          0.        ]+[ 0.         -0.07062466  0.         -0.09619699 -0.50162133  0.
 -0.36962827  0.          0.          0.          0.        ]
----


----
[ 0.         -0.05191517  0.          0.18421323 -0.3976999   0.
 -0.00969331  0.          0.          0.          0.        ]x[ 0.          0.          0.          0.         -0.16854656  0.
 -0.53995073  0.          0.          0.          0.        ]---->
[ 0.         -0.05275414  0.          0.02248486 -0.26754109  0.
 -0.31144962  0.          0.          0.          0.        ]+[ 0.         -0.06166892  0.          0.07149862 -0.35615414  0.
 -0.54051394  0.          0.          0.          0.        ]
----


----
[ 0.          0.          0.          0.         -0.16854656  0.
 -0.53995073  0.          0.          0.          0.        ]x[ 0.          0.          0.         -0.00197069 -0.03715824  0.
 -0.31073155  0.          0.          0.          0.        ]---->
[ 0.          0.          0.         -0.00251313 -0.04998409  0.
 -0.20851188  0.          0.          0.          0.        ]+[ 0.          0.          0.         -0.00228649 -0.0341553   0.
 -0.52536018  0.          0.          0.          0.        ]
----


----
[ 0.         -0.05191517  0.          0.18421323 -0.3976999   0.
 -0.00969331  0.          0.          0.          0.        ]x[ 0.          0.          0.          0.         -0.03420948  0.
  0.0161585   0.          0.          0.          0.        ]---->
[ 0.         -0.01487619  0.         -0.13369963  0.19165226  0.
 -0.02167544  0.          0.          0.          0.        ]+[ 0.          0.02589902  0.         -0.02417208  0.23815159  0.
 -0.00594946  0.          0.          0.          0.        ]
----


Roullette Ends
XXXX-XXXX


Errors:>>

XXXXX-----XXXXX
kid: [ 0.          0.03476801  0.          0.10469315 -0.47883053  0.
 -0.55287602  0.          0.          0.          0.        ] train error: 484628441523.0426, validation error: 573868090017.176

kid: [ 0.         -0.06717893  0.         -0.09619699 -0.48448971  0.
 -0.36962827  0.          0.          0.          0.        ] train error: 476003451186.4168, validation error: 540216345595.5506

kid: [ 0.         -0.05477287  0.          0.02248486 -0.27706977  0.
 -0.31090198  0.          0.          0.          0.        ] train error: 949622183905.7725, validation error: 1504725806745.1968

kid: [ 0.         -0.06166892  0.          0.07149862 -0.35615414  0.
 -0.54051394  0.          0.          0.          0.        ] train error: 735416564140.906, validation error: 1081462764405.1243

kid: [ 0.          0.          0.         -0.00251313 -0.04998409  0.
 -0.20279994  0.          0.          0.          0.        ] train error: 1797962282195.645, validation error: 3169767711041.0923

kid: [ 0.          0.          0.         -0.00224362 -0.0341553   0.
 -0.52536018  0.          0.          0.          0.        ] train error: 1870013648517.2573, validation error: 3310396543225.872

kid: [ 0.         -0.01561715  0.         -0.13566496  0.19165226  0.
 -0.02167544  0.          0.          0.          0.        ] train error: 3072077475569.71, validation error: 5626157096615.639

kid: [ 0.          0.02589902  0.         -0.02417208  0.23815159  0.
 -0.00571018  0.          0.          0.          0.        ] train error: 3370639615791.0815, validation error: 6218514061673.26

XXXXX-----XXXXX

Best of Children: [ 0.          0.02589902  0.         -0.02417208  0.23815159  0.
 -0.00571018  0.          0.          0.          0.        ]->351.1390754764235

>>>>>>>>>

GENERATION : 4

Best of Pool:[ 0.         -0.05430809  0.          0.1292838  -0.17416852  0.
 -0.15105299  0.          0.          0.          0.        ]->15573.196150114014
Current Pool:
[[ 0.         -0.05191517  0.          0.18421323 -0.3976999   0.
  -0.00969331  0.          0.          0.          0.        ]
 [ 0.         -0.06717893  0.         -0.09619699 -0.48448971  0.
  -0.36962827  0.          0.          0.          0.        ]
 [ 0.          0.03476801  0.          0.10469315 -0.47883053  0.
  -0.55287602  0.          0.          0.          0.        ]
 [ 0.         -0.06166892  0.          0.07149862 -0.35615414  0.
  -0.54051394  0.          0.          0.          0.        ]
 [ 0.         -0.05477287  0.          0.02248486 -0.27706977  0.
  -0.31090198  0.          0.          0.          0.        ]
 [ 0.         -0.03433593  0.          0.         -0.23960124  0.
   0.15923122  0.          0.          0.          0.        ]
 [ 0.         -0.02049752  0.          0.         -0.23252823  0.
   0.0315976   0.          0.          0.          0.        ]
 [ 0.         -0.05430809  0.          0.1292838  -0.17416852  0.
  -0.15105299  0.          0.          0.          0.        ]]

....>>>>>....

XXXX-XXXX
Russian Roullette begins >>>


----
[ 0.         -0.06717893  0.         -0.09619699 -0.48448971  0.
 -0.36962827  0.          0.          0.          0.        ]x[ 0.         -0.06166892  0.          0.07149862 -0.35615414  0.
 -0.54051394  0.          0.          0.          0.        ]---->
[ 0.         -0.0598143   0.          0.14382921 -0.29197823  0.
 -0.5363629   0.          0.          0.          0.        ]+[ 0.         -0.06504481  0.          0.03671038 -0.46811728  0.
 -0.64020571  0.          0.          0.          0.        ]
----


----
[ 0.         -0.06717893  0.         -0.09619699 -0.48448971  0.
 -0.36962827  0.          0.          0.          0.        ]x[ 0.         -0.02049752  0.          0.         -0.23252823  0.
  0.0315976   0.          0.          0.          0.        ]---->
[ 0.         -0.02812376  0.         -0.15428595 -0.47248592  0.
 -0.2279695   0.          0.          0.          0.        ]+[ 0.         -0.03150736  0.          0.03426649 -0.21084724  0.
 -0.15487458  0.          0.          0.          0.        ]
----


----
[ 0.          0.03476801  0.          0.10469315 -0.47883053  0.
 -0.55287602  0.          0.          0.          0.        ]x[ 0.         -0.03433593  0.          0.         -0.23960124  0.
  0.15923122  0.          0.          0.          0.        ]---->
[ 0.         -0.02014901  0.         -0.01785244 -0.40076734  0.
 -0.66346669  0.          0.          0.          0.        ]+[ 0.         -0.01231483  0.          0.02627947 -0.47231313  0.
 -0.82882312  0.          0.          0.          0.        ]
----


----
[ 0.         -0.06717893  0.         -0.09619699 -0.48448971  0.
 -0.36962827  0.          0.          0.          0.        ]x[ 0.          0.03476801  0.          0.10469315 -0.47883053  0.
 -0.55287602  0.          0.          0.          0.        ]---->
[ 0.         -0.03439285  0.         -0.04903062 -0.48112063  0.
 -0.63144648  0.          0.          0.          0.        ]+[ 0.          0.02066652  0.         -0.1378886  -0.4782214   0.
 -0.56597051  0.          0.          0.          0.        ]
----


Roullette Ends
XXXX-XXXX


Errors:>>

XXXXX-----XXXXX
kid: [ 0.         -0.0598143   0.          0.14382921 -0.29057016  0.
 -0.5363629   0.          0.          0.          0.        ] train error: 912005801812.7415, validation error: 1441316276747.4014

kid: [ 0.         -0.06719834  0.          0.03671038 -0.4528683   0.
 -0.63737126  0.          0.          0.          0.        ] train error: 529319835665.92676, validation error: 660614591007.6165

kid: [ 0.         -0.02812376  0.         -0.15700755 -0.47248592  0.
 -0.2279695   0.          0.          0.          0.        ] train error: 495552759963.88055, validation error: 575740635318.0681

kid: [ 0.         -0.03150736  0.          0.03425346 -0.21084724  0.
 -0.1542816   0.          0.          0.          0.        ] train error: 1161909507120.8992, validation error: 1926127378115.446

kid: [ 0.         -0.02014901  0.         -0.01785244 -0.40076734  0.
 -0.68205271  0.          0.          0.          0.        ] train error: 632072702698.1488, validation error: 865386725739.126

kid: [ 0.         -0.01231483  0.          0.02596708 -0.47231313  0.
 -0.82882312  0.          0.          0.          0.        ] train error: 495531617208.96387, validation error: 590208601903.3381

kid: [ 0.         -0.03439285  0.         -0.04903062 -0.48094022  0.
 -0.63144648  0.          0.          0.          0.        ] train error: 481529528693.0054, validation error: 555353003836.2161

kid: [ 0.          0.02066652  0.         -0.1378886  -0.46984037  0.
 -0.56597051  0.          0.          0.          0.        ] train error: 499916879239.662, validation error: 586237175889.2198

XXXXX-----XXXXX

Best of Children: [ 0.         -0.03150736  0.          0.03425346 -0.21084724  0.
 -0.1542816   0.          0.          0.          0.        ]->1308.5273689014996

>>>>>>>>>

GENERATION : 5

Best of Pool:[ 0.         -0.02014901  0.         -0.01785244 -0.40076734  0.
 -0.68205271  0.          0.          0.          0.        ]->15573.196150114014
Current Pool:
[[ 0.         -0.06717893  0.         -0.09619699 -0.48448971  0.
  -0.36962827  0.          0.          0.          0.        ]
 [ 0.         -0.03439285  0.         -0.04903062 -0.48094022  0.
  -0.63144648  0.          0.          0.          0.        ]
 [ 0.         -0.02812376  0.         -0.15700755 -0.47248592  0.
  -0.2279695   0.          0.          0.          0.        ]
 [ 0.          0.02066652  0.         -0.1378886  -0.46984037  0.
  -0.56597051  0.          0.          0.          0.        ]
 [ 0.          0.03476801  0.          0.10469315 -0.47883053  0.
  -0.55287602  0.          0.          0.          0.        ]
 [ 0.         -0.01231483  0.          0.02596708 -0.47231313  0.
  -0.82882312  0.          0.          0.          0.        ]
 [ 0.         -0.06719834  0.          0.03671038 -0.4528683   0.
  -0.63737126  0.          0.          0.          0.        ]
 [ 0.         -0.02014901  0.         -0.01785244 -0.40076734  0.
  -0.68205271  0.          0.          0.          0.        ]]

....>>>>>....

XXXX-XXXX
Russian Roullette begins >>>


----
[ 0.         -0.06717893  0.         -0.09619699 -0.48448971  0.
 -0.36962827  0.          0.          0.          0.        ]x[ 0.         -0.02014901  0.         -0.01785244 -0.40076734  0.
 -0.68205271  0.          0.          0.          0.        ]---->
[ 0.         -0.0888604   0.         -0.08443054 -0.44215225  0.
 -0.55571799  0.          0.          0.          0.        ]+[ 0.         -0.01011165  0.         -0.0607443  -0.505287    0.
 -0.5987088   0.          0.          0.          0.        ]
----


----
[ 0.          0.02066652  0.         -0.1378886  -0.46984037  0.
 -0.56597051  0.          0.          0.          0.        ]x[ 0.          0.03476801  0.          0.10469315 -0.47883053  0.
 -0.55287602  0.          0.          0.          0.        ]---->
[ 0.          0.02941731  0.          0.09632761 -0.47694359  0.
 -0.57257473  0.          0.          0.          0.        ]+[ 0.          0.02165091  0.         -0.1781054  -0.4765259   0.
 -0.55239078  0.          0.          0.          0.        ]
----


----
[ 0.         -0.06717893  0.         -0.09619699 -0.48448971  0.
 -0.36962827  0.          0.          0.          0.        ]x[ 0.         -0.01231483  0.          0.02596708 -0.47231313  0.
 -0.82882312  0.          0.          0.          0.        ]---->
[ 0.         -0.06722236  0.         -0.04449593 -0.47558301  0.
 -0.78353501  0.          0.          0.          0.        ]+[ 0.         -0.0601625   0.         -0.110082   -0.48138348  0.
 -0.86797223  0.          0.          0.          0.        ]
----


----
[ 0.          0.03476801  0.          0.10469315 -0.47883053  0.
 -0.55287602  0.          0.          0.          0.        ]x[ 0.         -0.01231483  0.          0.02596708 -0.47231313  0.
 -0.82882312  0.          0.          0.          0.        ]---->
[ 0.         -0.02514962  0.          0.03951367 -0.47024014  0.
 -0.79727045  0.          0.          0.          0.        ]+[ 0.         -0.00615416  0.          0.0296087  -0.47532206  0.
 -0.84231553  0.          0.          0.          0.        ]
----


Roullette Ends
XXXX-XXXX


Errors:>>

XXXXX-----XXXXX
kid: [ 0.         -0.08864552  0.         -0.0870656  -0.44215225  0.
 -0.55571799  0.          0.          0.          0.        ] train error: 548858867044.73047, validation error: 690564666434.3688

kid: [ 0.         -0.01011165  0.         -0.0585017  -0.505287    0.
 -0.5987088   0.          0.          0.          0.        ] train error: 444431651438.37177, validation error: 477550699618.91406

kid: [ 0.          0.02941731  0.          0.09632761 -0.49654877  0.
 -0.56725829  0.          0.          0.          0.        ] train error: 456718241261.0583, validation error: 515161390579.81104

kid: [ 0.          0.02157817  0.         -0.1781054  -0.4765259   0.
 -0.55239078  0.          0.          0.          0.        ] train error: 488979095440.86896, validation error: 560543734979.4608

kid: [ 0.         -0.06722236  0.         -0.04449593 -0.47558301  0.
 -0.79456395  0.          0.          0.          0.        ] train error: 490226860229.9084, validation error: 573677621926.9927

kid: [ 0.         -0.06188798  0.         -0.110082   -0.48116577  0.
 -0.86797223  0.          0.          0.          0.        ] train error: 481325080853.2459, validation error: 550124595577.0266

kid: [ 0.         -0.02514962  0.          0.03951367 -0.47024014  0.
 -0.82581997  0.          0.          0.          0.        ] train error: 498997098243.5375, validation error: 598436352371.2234

kid: [ 0.         -0.00608617  0.          0.0296087  -0.46477882  0.
 -0.84231553  0.          0.          0.          0.        ] train error: 508318333317.724, validation error: 616868568036.0612

XXXXX-----XXXXX

Best of Children: [ 0.         -0.08864552  0.         -0.0870656  -0.44215225  0.
 -0.55571799  0.          0.          0.          0.        ]->7056.874202095085

>>>>>>>>>

GENERATION : 6

Best of Pool:[ 0.         -0.06722236  0.         -0.04449593 -0.47558301  0.
 -0.79456395  0.          0.          0.          0.        ]->30194.104448554408
Current Pool:
[[ 0.         -0.06717893  0.         -0.09619699 -0.48448971  0.
  -0.36962827  0.          0.          0.          0.        ]
 [ 0.         -0.01011165  0.         -0.0585017  -0.505287    0.
  -0.5987088   0.          0.          0.          0.        ]
 [ 0.          0.02941731  0.          0.09632761 -0.49654877  0.
  -0.56725829  0.          0.          0.          0.        ]
 [ 0.         -0.06188798  0.         -0.110082   -0.48116577  0.
  -0.86797223  0.          0.          0.          0.        ]
 [ 0.          0.02157817  0.         -0.1781054  -0.4765259   0.
  -0.55239078  0.          0.          0.          0.        ]
 [ 0.         -0.03439285  0.         -0.04903062 -0.48094022  0.
  -0.63144648  0.          0.          0.          0.        ]
 [ 0.         -0.02812376  0.         -0.15700755 -0.47248592  0.
  -0.2279695   0.          0.          0.          0.        ]
 [ 0.         -0.06722236  0.         -0.04449593 -0.47558301  0.
  -0.79456395  0.          0.          0.          0.        ]]

....>>>>>....

XXXX-XXXX
Russian Roullette begins >>>


----
[ 0.         -0.01011165  0.         -0.0585017  -0.505287    0.
 -0.5987088   0.          0.          0.          0.        ]x[ 0.          0.02941731  0.          0.09632761 -0.49654877  0.
 -0.56725829  0.          0.          0.          0.        ]---->
[ 0.          0.00888375  0.         -0.00984448 -0.50888508  0.
 -0.57114843  0.          0.          0.          0.        ]+[ 0.          0.00457041  0.         -0.12698247 -0.50212573  0.
 -0.55238803  0.          0.          0.          0.        ]
----


----
[ 0.         -0.01011165  0.         -0.0585017  -0.505287    0.
 -0.5987088   0.          0.          0.          0.        ]x[ 0.         -0.06717893  0.         -0.09619699 -0.48448971  0.
 -0.36962827  0.          0.          0.          0.        ]---->
[ 0.         -0.0984415   0.         -0.09219301 -0.48476781  0.
 -0.25453676  0.          0.          0.          0.        ]+[ 0.         -0.04478945  0.         -0.10762733 -0.5020416   0.
 -0.62496628  0.          0.          0.          0.        ]
----


----
[ 0.          0.02941731  0.          0.09632761 -0.49654877  0.
 -0.56725829  0.          0.          0.          0.        ]x[ 0.         -0.03439285  0.         -0.04903062 -0.48094022  0.
 -0.63144648  0.          0.          0.          0.        ]---->
[ 0.         -0.0228448   0.         -0.05112111 -0.49069388  0.
 -0.66696766  0.          0.          0.          0.        ]+[ 0.         -0.05305816  0.         -0.05288504 -0.48846579  0.
 -0.60914081  0.          0.          0.          0.        ]
----


----
[ 0.         -0.06717893  0.         -0.09619699 -0.48448971  0.
 -0.36962827  0.          0.          0.          0.        ]x[ 0.         -0.06188798  0.         -0.110082   -0.48116577  0.
 -0.86797223  0.          0.          0.          0.        ]---->
[ 0.         -0.07007328  0.         -0.1098335  -0.48248571  0.
 -0.84914178  0.          0.          0.          0.        ]+[ 0.         -0.06138443  0.         -0.10274678 -0.48006538  0.
 -0.70268778  0.          0.          0.          0.        ]
----


Roullette Ends
XXXX-XXXX


Errors:>>

XXXXX-----XXXXX
kid: [ 0.          0.00888375  0.         -0.00984448 -0.50888508  0.
 -0.57114843  0.          0.          0.          0.        ] train error: 439033175878.8091, validation error: 470004771455.3446

kid: [ 0.          0.00449746  0.         -0.12698247 -0.5271374   0.
 -0.55238803  0.          0.          0.          0.        ] train error: 414982826279.70105, validation error: 410571015346.9922

kid: [ 0.         -0.0984415   0.         -0.09219301 -0.47795286  0.
 -0.25453676  0.          0.          0.          0.        ] train error: 486457774008.6219, validation error: 562129033300.857

kid: [ 0.         -0.04478945  0.         -0.10762733 -0.5020416   0.
 -0.62986642  0.          0.          0.          0.        ] train error: 449377844945.20374, validation error: 484073271238.31775

kid: [ 0.         -0.0228448   0.         -0.05112111 -0.49069388  0.
 -0.66696766  0.          0.          0.          0.        ] train error: 466179665720.72424, validation error: 523390820573.55206

kid: [ 0.         -0.05305816  0.         -0.05288504 -0.46552046  0.
 -0.60988951  0.          0.          0.          0.        ] train error: 507111386042.94727, validation error: 607800470961.6952

kid: [ 0.         -0.06685301  0.         -0.11470659 -0.49675613  0.
 -0.84914178  0.          0.          0.          0.        ] train error: 457218675390.5208, validation error: 499833104021.0912

kid: [ 0.         -0.06138443  0.         -0.10357245 -0.48003721  0.
 -0.70268778  0.          0.          0.          0.        ] train error: 483118023227.9938, validation error: 554339679321.0455

XXXXX-----XXXXX

Best of Children: [ 0.         -0.05305816  0.         -0.05288504 -0.46552046  0.
 -0.60988951  0.          0.          0.          0.        ]->9931.563096506043

>>>>>>>>>

GENERATION : 7

Best of Pool:[ 0.         -0.06717893  0.         -0.09619699 -0.48448971  0.
 -0.36962827  0.          0.          0.          0.        ]->226664.2916599324
Current Pool:
[[ 0.         -0.01011165  0.         -0.0585017  -0.505287    0.
  -0.5987088   0.          0.          0.          0.        ]
 [ 0.          0.00449746  0.         -0.12698247 -0.5271374   0.
  -0.55238803  0.          0.          0.          0.        ]
 [ 0.          0.00888375  0.         -0.00984448 -0.50888508  0.
  -0.57114843  0.          0.          0.          0.        ]
 [ 0.         -0.04478945  0.         -0.10762733 -0.5020416   0.
  -0.62986642  0.          0.          0.          0.        ]
 [ 0.         -0.06685301  0.         -0.11470659 -0.49675613  0.
  -0.84914178  0.          0.          0.          0.        ]
 [ 0.         -0.0228448   0.         -0.05112111 -0.49069388  0.
  -0.66696766  0.          0.          0.          0.        ]
 [ 0.          0.02941731  0.          0.09632761 -0.49654877  0.
  -0.56725829  0.          0.          0.          0.        ]
 [ 0.         -0.06717893  0.         -0.09619699 -0.48448971  0.
  -0.36962827  0.          0.          0.          0.        ]]

....>>>>>....

XXXX-XXXX
Russian Roullette begins >>>


----
[ 0.          0.02941731  0.          0.09632761 -0.49654877  0.
 -0.56725829  0.          0.          0.          0.        ]x[ 0.         -0.06717893  0.         -0.09619699 -0.48448971  0.
 -0.36962827  0.          0.          0.          0.        ]---->
[ 0.         -0.02896861  0.         -0.00332919 -0.48736023  0.
 -0.3989364   0.          0.          0.          0.        ]+[ 0.         -0.05766425  0.         -0.0294201  -0.50505878  0.
 -0.60608258  0.          0.          0.          0.        ]
----


----
[ 0.          0.00449746  0.         -0.12698247 -0.5271374   0.
 -0.55238803  0.          0.          0.          0.        ]x[ 0.         -0.01011165  0.         -0.0585017  -0.505287    0.
 -0.5987088   0.          0.          0.          0.        ]---->
[ 0.         -0.01483886  0.         -0.02599036 -0.51276918  0.
 -0.58625028  0.          0.          0.          0.        ]+[ 0.         -0.00808763  0.         -0.02776981 -0.52182996  0.
 -0.59825884  0.          0.          0.          0.        ]
----


----
[ 0.          0.00449746  0.         -0.12698247 -0.5271374   0.
 -0.55238803  0.          0.          0.          0.        ]x[ 0.          0.02941731  0.          0.09632761 -0.49654877  0.
 -0.56725829  0.          0.          0.          0.        ]---->
[ 0.          0.00573793  0.          0.20960859 -0.52189022  0.
 -0.57196407  0.          0.          0.          0.        ]+[ 0.         -0.00649612  0.          0.07030862 -0.51536148  0.
 -0.57627349  0.          0.          0.          0.        ]
----


----
[ 0.         -0.01011165  0.         -0.0585017  -0.505287    0.
 -0.5987088   0.          0.          0.          0.        ]x[ 0.         -0.0228448   0.         -0.05112111 -0.49069388  0.
 -0.66696766  0.          0.          0.          0.        ]---->
[ 0.         -0.01609373  0.         -0.06456186 -0.48619583  0.
 -0.68820824  0.          0.          0.          0.        ]+[ 0.         -0.02714608  0.         -0.05875937 -0.51241975  0.
 -0.62207976  0.          0.          0.          0.        ]
----


Roullette Ends
XXXX-XXXX


Errors:>>

XXXXX-----XXXXX
kid: [ 0.         -0.02896861  0.         -0.00332919 -0.48736023  0.
 -0.3989364   0.          0.          0.          0.        ] train error: 471212471544.6512, validation error: 537566786694.6379

kid: [ 0.         -0.05766425  0.         -0.0294201  -0.50505878  0.
 -0.63583348  0.          0.          0.          0.        ] train error: 444622469921.3416, validation error: 480186387076.8454

kid: [ 0.         -0.01483886  0.         -0.02530757 -0.51276918  0.
 -0.60290105  0.          0.          0.          0.        ] train error: 433637944741.6587, validation error: 457514251317.7295

kid: [ 0.         -0.00788671  0.         -0.02776981 -0.52182996  0.
 -0.61417809  0.          0.          0.          0.        ] train error: 421277312978.79565, validation error: 431351384765.037

kid: [ 0.          0.00548925  0.          0.20960859 -0.52189022  0.
 -0.57196407  0.          0.          0.          0.        ] train error: 419782482540.0021, validation error: 446192995906.93713

kid: [ 0.         -0.00649612  0.          0.07148925 -0.51765809  0.
 -0.5550076   0.          0.          0.          0.        ] train error: 426332509418.2897, validation error: 449545557349.5461

kid: [ 0.         -0.01648595  0.         -0.06456186 -0.48619583  0.
 -0.68820824  0.          0.          0.          0.        ] train error: 473221905794.25305, validation error: 536941690666.8208

kid: [ 0.         -0.02686519  0.         -0.05875937 -0.51645818  0.
 -0.62207976  0.          0.          0.          0.        ] train error: 428729617590.93713, validation error: 444661047290.2396

XXXXX-----XXXXX

Best of Children: [ 0.         -0.02896861  0.         -0.00332919 -0.48736023  0.
 -0.3989364   0.          0.          0.          0.        ]->15070.609917977588

>>>>>>>>>

GENERATION : 8

Best of Pool:[ 0.         -0.01011165  0.         -0.0585017  -0.505287    0.
 -0.5987088   0.          0.          0.          0.        ]->226664.2916599324
Current Pool:
[[ 0.          0.00449746  0.         -0.12698247 -0.5271374   0.
  -0.55238803  0.          0.          0.          0.        ]
 [ 0.         -0.00788671  0.         -0.02776981 -0.52182996  0.
  -0.61417809  0.          0.          0.          0.        ]
 [ 0.         -0.02686519  0.         -0.05875937 -0.51645818  0.
  -0.62207976  0.          0.          0.          0.        ]
 [ 0.         -0.00649612  0.          0.07148925 -0.51765809  0.
  -0.5550076   0.          0.          0.          0.        ]
 [ 0.         -0.01483886  0.         -0.02530757 -0.51276918  0.
  -0.60290105  0.          0.          0.          0.        ]
 [ 0.          0.00548925  0.          0.20960859 -0.52189022  0.
  -0.57196407  0.          0.          0.          0.        ]
 [ 0.          0.00888375  0.         -0.00984448 -0.50888508  0.
  -0.57114843  0.          0.          0.          0.        ]
 [ 0.         -0.01011165  0.         -0.0585017  -0.505287    0.
  -0.5987088   0.          0.          0.          0.        ]]

....>>>>>....

XXXX-XXXX
Russian Roullette begins >>>


----
[ 0.         -0.02686519  0.         -0.05875937 -0.51645818  0.
 -0.62207976  0.          0.          0.          0.        ]x[ 0.         -0.00649612  0.          0.07148925 -0.51765809  0.
 -0.5550076   0.          0.          0.          0.        ]---->
[ 0.         -0.04478847  0.          0.03408758 -0.51660449  0.
 -0.66382703  0.          0.          0.          0.        ]+[ 0.         -0.0047909   0.          0.14839209 -0.51803341  0.
 -0.63347861  0.          0.          0.          0.        ]
----


----
[ 0.         -0.00788671  0.         -0.02776981 -0.52182996  0.
 -0.61417809  0.          0.          0.          0.        ]x[ 0.         -0.02686519  0.         -0.05875937 -0.51645818  0.
 -0.62207976  0.          0.          0.          0.        ]---->
[ 0.         -0.02823362  0.         -0.05499882 -0.52074104  0.
 -0.62445876  0.          0.          0.          0.        ]+[ 0.         -0.03475038  0.         -0.04969324 -0.51606325  0.
 -0.62413658  0.          0.          0.          0.        ]
----


----
[ 0.          0.00449746  0.         -0.12698247 -0.5271374   0.
 -0.55238803  0.          0.          0.          0.        ]x[ 0.         -0.02686519  0.         -0.05875937 -0.51645818  0.
 -0.62207976  0.          0.          0.          0.        ]---->
[ 0.         -0.00613574  0.         -0.14326823 -0.5188474   0.
 -0.62575696  0.          0.          0.          0.        ]+[ 0.         -0.02639698  0.         -0.15644897 -0.51377984  0.
 -0.64002441  0.          0.          0.          0.        ]
----


----
[ 0.         -0.00788671  0.         -0.02776981 -0.52182996  0.
 -0.61417809  0.          0.          0.          0.        ]x[ 0.          0.00548925  0.          0.20960859 -0.52189022  0.
 -0.57196407  0.          0.          0.          0.        ]---->
[ 0.         -0.01778948  0.         -0.02128923 -0.52186463  0.
 -0.62884874  0.          0.          0.          0.        ]+[ 0.         -0.01757714  0.          0.01620776 -0.52188489  0.
 -0.57710364  0.          0.          0.          0.        ]
----


Roullette Ends
XXXX-XXXX


Errors:>>

XXXXX-----XXXXX
kid: [ 0.         -0.04478847  0.          0.03408758 -0.51660449  0.
 -0.66382703  0.          0.          0.          0.        ] train error: 427991503975.18475, validation error: 450188207974.0236

kid: [ 0.         -0.0047909   0.          0.152901   -0.51227896  0.
 -0.6296838   0.          0.          0.          0.        ] train error: 433411245129.23395, validation error: 470659791472.41736

kid: [ 0.         -0.02720221  0.         -0.05499882 -0.52074104  0.
 -0.60768878  0.          0.          0.          0.        ] train error: 422906958214.7654, validation error: 432712228236.53674

kid: [ 0.         -0.03543022  0.         -0.04969324 -0.51606325  0.
 -0.62413658  0.          0.          0.          0.        ] train error: 429217227908.1843, validation error: 446375825095.86896

kid: [ 0.         -0.00613278  0.         -0.14326823 -0.5188474   0.
 -0.62575696  0.          0.          0.          0.        ] train error: 426013071489.469, validation error: 432519111270.05914

kid: [ 0.         -0.02565871  0.         -0.15644897 -0.50317808  0.
 -0.64002441  0.          0.          0.          0.        ] train error: 447961817900.4798, validation error: 477354589211.53796

kid: [ 0.         -0.01778948  0.         -0.02079099 -0.52186463  0.
 -0.62884874  0.          0.          0.          0.        ] train error: 421186807206.31134, validation error: 431690091403.3615

kid: [ 0.         -0.01757714  0.          0.01620776 -0.52188489  0.
 -0.56992852  0.          0.          0.          0.        ] train error: 420927621562.6941, validation error: 433952069327.4461

XXXXX-----XXXXX

Best of Children: [ 0.         -0.0047909   0.          0.152901   -0.51227896  0.
 -0.6296838   0.          0.          0.          0.        ]->26846.685258175257

>>>>>>>>>

GENERATION : 9

Best of Pool:[ 0.         -0.03543022  0.         -0.04969324 -0.51606325  0.
 -0.62413658  0.          0.          0.          0.        ]->226664.2916599324
Current Pool:
[[ 0.          0.00449746  0.         -0.12698247 -0.5271374   0.
  -0.55238803  0.          0.          0.          0.        ]
 [ 0.         -0.00613278  0.         -0.14326823 -0.5188474   0.
  -0.62575696  0.          0.          0.          0.        ]
 [ 0.         -0.02720221  0.         -0.05499882 -0.52074104  0.
  -0.60768878  0.          0.          0.          0.        ]
 [ 0.         -0.01778948  0.         -0.02079099 -0.52186463  0.
  -0.62884874  0.          0.          0.          0.        ]
 [ 0.         -0.00788671  0.         -0.02776981 -0.52182996  0.
  -0.61417809  0.          0.          0.          0.        ]
 [ 0.         -0.01757714  0.          0.01620776 -0.52188489  0.
  -0.56992852  0.          0.          0.          0.        ]
 [ 0.         -0.02686519  0.         -0.05875937 -0.51645818  0.
  -0.62207976  0.          0.          0.          0.        ]
 [ 0.         -0.03543022  0.         -0.04969324 -0.51606325  0.
  -0.62413658  0.          0.          0.          0.        ]]

....>>>>>....

XXXX-XXXX
Russian Roullette begins >>>


----
[ 0.          0.00449746  0.         -0.12698247 -0.5271374   0.
 -0.55238803  0.          0.          0.          0.        ]x[ 0.         -0.02720221  0.         -0.05499882 -0.52074104  0.
 -0.60768878  0.          0.          0.          0.        ]---->
[ 0.         -0.02799719  0.         -0.12430273 -0.52297871  0.
 -0.60570963  0.          0.          0.          0.        ]+[ 0.         -0.02023148  0.         -0.13229947 -0.52113562  0.
 -0.60474336  0.          0.          0.          0.        ]
----


----
[ 0.          0.00449746  0.         -0.12698247 -0.5271374   0.
 -0.55238803  0.          0.          0.          0.        ]x[ 0.         -0.00613278  0.         -0.14326823 -0.5188474   0.
 -0.62575696  0.          0.          0.          0.        ]---->
[ 0.         -0.01219774  0.         -0.13601744 -0.51623106  0.
 -0.65403448  0.          0.          0.          0.        ]+[ 0.         -0.00222487  0.         -0.13915951 -0.5311434   0.
 -0.66749938  0.          0.          0.          0.        ]
----


----
[ 0.          0.00449746  0.         -0.12698247 -0.5271374   0.
 -0.55238803  0.          0.          0.          0.        ]x[ 0.         -0.01778948  0.         -0.02079099 -0.52186463  0.
 -0.62884874  0.          0.          0.          0.        ]---->
[ 0.         -0.01535637  0.          0.00967039 -0.52792832  0.
 -0.65442099  0.          0.          0.          0.        ]+[ 0.         -0.00817156  0.         -0.05823849 -0.51832222  0.
 -0.63235897  0.          0.          0.          0.        ]
----


----
[ 0.         -0.00613278  0.         -0.14326823 -0.5188474   0.
 -0.62575696  0.          0.          0.          0.        ]x[ 0.         -0.02686519  0.         -0.05875937 -0.51645818  0.
 -0.62207976  0.          0.          0.          0.        ]---->
[ 0.         -0.02627823  0.         -0.21485502 -0.52011671  0.
 -0.62844814  0.          0.          0.          0.        ]+[ 0.         -0.02261639  0.         -0.01796889 -0.51806655  0.
 -0.62821254  0.          0.          0.          0.        ]
----


Roullette Ends
XXXX-XXXX


Errors:>>

XXXXX-----XXXXX
kid: [ 0.         -0.02799719  0.         -0.12430273 -0.52297871  0.
 -0.60570963  0.          0.          0.          0.        ] train error: 420388092984.81915, validation error: 422149412039.66125

kid: [ 0.         -0.02023148  0.         -0.13229947 -0.49819321  0.
 -0.60474336  0.          0.          0.          0.        ] train error: 455154277986.9836, validation error: 494180965492.40784

kid: [ 0.         -0.0122878   0.         -0.13723314 -0.50391238  0.
 -0.65403448  0.          0.          0.          0.        ] train error: 446803945908.645, validation error: 476428118667.6942

kid: [ 0.         -0.00222487  0.         -0.13640743 -0.53506279  0.
 -0.66749938  0.          0.          0.          0.        ] train error: 405043669279.45294, validation error: 388873723281.854

kid: [ 0.         -0.01580569  0.          0.00967039 -0.50459264  0.
 -0.65442099  0.          0.          0.          0.        ] train error: 445116962734.42175, validation error: 484231968081.84686

kid: [ 0.         -0.00797338  0.         -0.05979324 -0.51832222  0.
 -0.63235897  0.          0.          0.          0.        ] train error: 426196856628.21716, validation error: 439264627464.63635

kid: [ 0.         -0.02627823  0.         -0.21485502 -0.52011671  0.
 -0.62844814  0.          0.          0.          0.        ] train error: 424792470592.45544, validation error: 424505429442.5371

kid: [ 0.         -0.02261639  0.         -0.01726155 -0.51806655  0.
 -0.62821254  0.          0.          0.          0.        ] train error: 426287484141.9036, validation error: 442693665713.0005

XXXXX-----XXXXX

Best of Children: [ 0.         -0.01580569  0.          0.00967039 -0.50459264  0.
 -0.65442099  0.          0.          0.          0.        ]->25565.636285048564

>>>>>>>>>

GENERATION : 10

Best of Pool:[ 0.         -0.01778948  0.         -0.02079099 -0.52186463  0.
 -0.62884874  0.          0.          0.          0.        ]->3483821.0489489273
Current Pool:
[[ 0.          0.00449746  0.         -0.12698247 -0.5271374   0.
  -0.55238803  0.          0.          0.          0.        ]
 [ 0.         -0.02627823  0.         -0.21485502 -0.52011671  0.
  -0.62844814  0.          0.          0.          0.        ]
 [ 0.         -0.02799719  0.         -0.12430273 -0.52297871  0.
  -0.60570963  0.          0.          0.          0.        ]
 [ 0.         -0.00797338  0.         -0.05979324 -0.51832222  0.
  -0.63235897  0.          0.          0.          0.        ]
 [ 0.         -0.00613278  0.         -0.14326823 -0.5188474   0.
  -0.62575696  0.          0.          0.          0.        ]
 [ 0.         -0.02720221  0.         -0.05499882 -0.52074104  0.
  -0.60768878  0.          0.          0.          0.        ]
 [ 0.         -0.00788671  0.         -0.02776981 -0.52182996  0.
  -0.61417809  0.          0.          0.          0.        ]
 [ 0.         -0.01778948  0.         -0.02079099 -0.52186463  0.
  -0.62884874  0.          0.          0.          0.        ]]

....>>>>>....

XXXX-XXXX
Russian Roullette begins >>>


----
[ 0.         -0.02627823  0.         -0.21485502 -0.52011671  0.
 -0.62844814  0.          0.          0.          0.        ]x[ 0.         -0.00613278  0.         -0.14326823 -0.5188474   0.
 -0.62575696  0.          0.          0.          0.        ]---->
[ 0.          0.00139351  0.         -0.25143641 -0.51847316  0.
 -0.62891276  0.          0.          0.          0.        ]+[ 0.         -0.03404508  0.         -0.2762773  -0.51923043  0.
 -0.62886674  0.          0.          0.          0.        ]
----


----
[ 0.         -0.02627823  0.         -0.21485502 -0.52011671  0.
 -0.62844814  0.          0.          0.          0.        ]x[ 0.         -0.02720221  0.         -0.05499882 -0.52074104  0.
 -0.60768878  0.          0.          0.          0.        ]---->
[ 0.         -0.02699133  0.         -0.26886309 -0.52099636  0.
 -0.63280544  0.          0.          0.          0.        ]+[ 0.         -0.02740834  0.         -0.02248013 -0.5206445   0.
 -0.59848097  0.          0.          0.          0.        ]
----


----
[ 0.         -0.02627823  0.         -0.21485502 -0.52011671  0.
 -0.62844814  0.          0.          0.          0.        ]x[ 0.         -0.02799719  0.         -0.12430273 -0.52297871  0.
 -0.60570963  0.          0.          0.          0.        ]---->
[ 0.         -0.02818022  0.         -0.20316614 -0.52295364  0.
 -0.60673269  0.          0.          0.          0.        ]+[ 0.         -0.02785632  0.         -0.12043258 -0.52296199  0.
 -0.6299557   0.          0.          0.          0.        ]
----


----
[ 0.         -0.02627823  0.         -0.21485502 -0.52011671  0.
 -0.62844814  0.          0.          0.          0.        ]x[ 0.         -0.02799719  0.         -0.12430273 -0.52297871  0.
 -0.60570963  0.          0.          0.          0.        ]---->
[ 0.         -0.02846588  0.         -0.13229114 -0.52356837  0.
 -0.59686265  0.          0.          0.          0.        ]+[ 0.         -0.02772122  0.         -0.05705934 -0.52454776  0.
 -0.61382832  0.          0.          0.          0.        ]
----


Roullette Ends
XXXX-XXXX


Errors:>>

XXXXX-----XXXXX
kid: [ 0.          0.00139351  0.         -0.25143641 -0.51847316  0.
 -0.62891276  0.          0.          0.          0.        ] train error: 427231072353.6122, validation error: 426821269702.453

kid: [ 0.         -0.03303882  0.         -0.2762773  -0.51923043  0.
 -0.62886674  0.          0.          0.          0.        ] train error: 426393056821.01794, validation error: 423172164384.33093

kid: [ 0.         -0.02699133  0.         -0.26962953 -0.51273468  0.
 -0.63280544  0.          0.          0.          0.        ] train error: 435122689510.92053, validation error: 441903132711.8207

kid: [ 0.         -0.02740834  0.         -0.02248013 -0.5206445   0.
 -0.62321005  0.          0.          0.          0.        ] train error: 422832192511.8215, validation error: 435026469648.1925

kid: [ 0.         -0.02725877  0.         -0.2066242  -0.52295364  0.
 -0.60673269  0.          0.          0.          0.        ] train error: 420991859293.25616, validation error: 417164028974.4035

kid: [ 0.         -0.02785632  0.         -0.12043258 -0.50715023  0.
 -0.6299557   0.          0.          0.          0.        ] train error: 442072828444.6686, validation error: 467858958823.2015

kid: [ 0.         -0.02881799  0.         -0.13229114 -0.52356837  0.
 -0.57915857  0.          0.          0.          0.        ] train error: 419666793050.02484, validation error: 420026268476.39

kid: [ 0.         -0.02876814  0.         -0.05705934 -0.52454776  0.
 -0.64114387  0.          0.          0.          0.        ] train error: 417868422189.7892, validation error: 421945943251.00696

XXXXX-----XXXXX

Best of Children: [ 0.         -0.02785632  0.         -0.12043258 -0.50715023  0.
 -0.6299557   0.          0.          0.          0.        ]->38780.53765029071

>>>>>>>>>

GENERATION : 11

Best of Pool:[ 0.          0.00449746  0.         -0.12698247 -0.5271374   0.
 -0.55238803  0.          0.          0.          0.        ]->3483821.0489489273
Current Pool:
[[ 0.         -0.02627823  0.         -0.21485502 -0.52011671  0.
  -0.62844814  0.          0.          0.          0.        ]
 [ 0.         -0.02881799  0.         -0.13229114 -0.52356837  0.
  -0.57915857  0.          0.          0.          0.        ]
 [ 0.          0.00139351  0.         -0.25143641 -0.51847316  0.
  -0.62891276  0.          0.          0.          0.        ]
 [ 0.         -0.03303882  0.         -0.2762773  -0.51923043  0.
  -0.62886674  0.          0.          0.          0.        ]
 [ 0.         -0.02799719  0.         -0.12430273 -0.52297871  0.
  -0.60570963  0.          0.          0.          0.        ]
 [ 0.         -0.02725877  0.         -0.2066242  -0.52295364  0.
  -0.60673269  0.          0.          0.          0.        ]
 [ 0.         -0.02876814  0.         -0.05705934 -0.52454776  0.
  -0.64114387  0.          0.          0.          0.        ]
 [ 0.          0.00449746  0.         -0.12698247 -0.5271374   0.
  -0.55238803  0.          0.          0.          0.        ]]

....>>>>>....

XXXX-XXXX
Russian Roullette begins >>>


----
[ 0.         -0.02627823  0.         -0.21485502 -0.52011671  0.
 -0.62844814  0.          0.          0.          0.        ]x[ 0.          0.00139351  0.         -0.25143641 -0.51847316  0.
 -0.62891276  0.          0.          0.          0.        ]---->
[ 0.         -0.02910213  0.         -0.24208036 -0.51994254  0.
 -0.62881649  0.          0.          0.          0.        ]+[ 0.00000000e+00 -3.85870235e-04  0.00000000e+00 -2.49796653e-01
 -5.18291577e-01  0.00000000e+00 -6.29014732e-01  0.00000000e+00
  0.00000000e+00  0.00000000e+00  0.00000000e+00]
----


----
[ 0.         -0.02881799  0.         -0.13229114 -0.52356837  0.
 -0.57915857  0.          0.          0.          0.        ]x[ 0.         -0.02799719  0.         -0.12430273 -0.52297871  0.
 -0.60570963  0.          0.          0.          0.        ]---->
[ 0.         -0.02853034  0.         -0.12253354 -0.52350519  0.
 -0.61001102  0.          0.          0.          0.        ]+[ 0.         -0.02849567  0.         -0.12389277 -0.52378682  0.
 -0.60319919  0.          0.          0.          0.        ]
----


----
[ 0.         -0.02627823  0.         -0.21485502 -0.52011671  0.
 -0.62844814  0.          0.          0.          0.        ]x[ 0.          0.00139351  0.         -0.25143641 -0.51847316  0.
 -0.62891276  0.          0.          0.          0.        ]---->
[ 0.         -0.03937899  0.         -0.23224919 -0.51766642  0.
 -0.62874405  0.          0.          0.          0.        ]+[ 0.         -0.02345742  0.         -0.24057444 -0.52135824  0.
 -0.62895451  0.          0.          0.          0.        ]
----


----
[ 0.          0.00139351  0.         -0.25143641 -0.51847316  0.
 -0.62891276  0.          0.          0.          0.        ]x[ 0.         -0.03303882  0.         -0.2762773  -0.51923043  0.
 -0.62886674  0.          0.          0.          0.        ]---->
[ 0.         -0.03954001  0.         -0.27041749 -0.5189073   0.
 -0.62885707  0.          0.          0.          0.        ]+[ 0.         -0.01357591  0.         -0.2798099  -0.5188497   0.
 -0.62886908  0.          0.          0.          0.        ]
----


Roullette Ends
XXXX-XXXX


Errors:>>

XXXXX-----XXXXX
kid: [ 0.         -0.02910213  0.         -0.24113795 -0.51994254  0.
 -0.62881649  0.          0.          0.          0.        ] train error: 425204127205.5251, validation error: 423364605128.62787

kid: [ 0.00000000e+00 -3.85870235e-04  0.00000000e+00 -2.47774453e-01
 -5.18291577e-01  0.00000000e+00 -6.29014732e-01  0.00000000e+00
  0.00000000e+00  0.00000000e+00  0.00000000e+00] train error: 427449035168.2191, validation error: 427556420132.3994

kid: [ 0.         -0.02853034  0.         -0.11927957 -0.52350519  0.
 -0.63121698  0.          0.          0.          0.        ] train error: 419660633855.4377, validation error: 421000906930.3991

kid: [ 0.         -0.02991585  0.         -0.12056522 -0.52378682  0.
 -0.57712286  0.          0.          0.          0.        ] train error: 419299330431.1565, validation error: 420143256677.08374

kid: [ 0.         -0.03937899  0.         -0.23224919 -0.51766642  0.
 -0.62874405  0.          0.          0.          0.        ] train error: 428183332437.798, validation error: 430275118820.87494

kid: [ 0.         -0.02331818  0.         -0.24057444 -0.52135824  0.
 -0.62509755  0.          0.          0.          0.        ] train error: 423327832334.73956, validation error: 419479095873.1058

kid: [ 0.         -0.03954001  0.         -0.27041749 -0.54314319  0.
 -0.62885707  0.          0.          0.          0.        ] train error: 396483226759.4346, validation error: 360691043691.54254

kid: [ 0.         -0.01357591  0.         -0.2798099  -0.5188497   0.
 -0.62260339  0.          0.          0.          0.        ] train error: 426923658846.17004, validation error: 424012684450.253

XXXXX-----XXXXX

Best of Children: [ 0.         -0.03954001  0.         -0.27041749 -0.54314319  0.
 -0.62885707  0.          0.          0.          0.        ]->27939.061389554263

>>>>>>>>>

GENERATION : 12

Best of Pool:[ 0.         -0.02910213  0.         -0.24113795 -0.51994254  0.
 -0.62881649  0.          0.          0.          0.        ]->9312290.669678988
Current Pool:
[[ 0.00000000e+00 -2.62782303e-02  0.00000000e+00 -2.14855020e-01
  -5.20116709e-01  0.00000000e+00 -6.28448136e-01  0.00000000e+00
   0.00000000e+00  0.00000000e+00  0.00000000e+00]
 [ 0.00000000e+00 -3.85870235e-04  0.00000000e+00 -2.47774453e-01
  -5.18291577e-01  0.00000000e+00 -6.29014732e-01  0.00000000e+00
   0.00000000e+00  0.00000000e+00  0.00000000e+00]
 [ 0.00000000e+00 -2.99158508e-02  0.00000000e+00 -1.20565225e-01
  -5.23786824e-01  0.00000000e+00 -5.77122857e-01  0.00000000e+00
   0.00000000e+00  0.00000000e+00  0.00000000e+00]
 [ 0.00000000e+00 -2.85303356e-02  0.00000000e+00 -1.19279572e-01
  -5.23505190e-01  0.00000000e+00 -6.31216980e-01  0.00000000e+00
   0.00000000e+00  0.00000000e+00  0.00000000e+00]
 [ 0.00000000e+00 -2.88179902e-02  0.00000000e+00 -1.32291145e-01
  -5.23568371e-01  0.00000000e+00 -5.79158568e-01  0.00000000e+00
   0.00000000e+00  0.00000000e+00  0.00000000e+00]
 [ 0.00000000e+00  1.39350766e-03  0.00000000e+00 -2.51436415e-01
  -5.18473163e-01  0.00000000e+00 -6.28912755e-01  0.00000000e+00
   0.00000000e+00  0.00000000e+00  0.00000000e+00]
 [ 0.00000000e+00 -2.79971865e-02  0.00000000e+00 -1.24302726e-01
  -5.22978708e-01  0.00000000e+00 -6.05709626e-01  0.00000000e+00
   0.00000000e+00  0.00000000e+00  0.00000000e+00]
 [ 0.00000000e+00 -2.91021266e-02  0.00000000e+00 -2.41137947e-01
  -5.19942538e-01  0.00000000e+00 -6.28816488e-01  0.00000000e+00
   0.00000000e+00  0.00000000e+00  0.00000000e+00]]

....>>>>>....

XXXX-XXXX
Russian Roullette begins >>>


----
[ 0.00000000e+00 -3.85870235e-04  0.00000000e+00 -2.47774453e-01
 -5.18291577e-01  0.00000000e+00 -6.29014732e-01  0.00000000e+00
  0.00000000e+00  0.00000000e+00  0.00000000e+00]x[ 0.         -0.02799719  0.         -0.12430273 -0.52297871  0.
 -0.60570963  0.          0.          0.          0.        ]---->
[ 0.         -0.01776975  0.         -0.07674422 -0.52569623  0.
 -0.61608829  0.          0.          0.          0.        ]+[ 0.         -0.04925064  0.         -0.03351825 -0.52397889  0.
 -0.61851473  0.          0.          0.          0.        ]
----


----
[ 0.00000000e+00 -3.85870235e-04  0.00000000e+00 -2.47774453e-01
 -5.18291577e-01  0.00000000e+00 -6.29014732e-01  0.00000000e+00
  0.00000000e+00  0.00000000e+00  0.00000000e+00]x[ 0.         -0.02881799  0.         -0.13229114 -0.52356837  0.
 -0.57915857  0.          0.          0.          0.        ]---->
[ 0.         -0.02434772  0.         -0.24447744 -0.5259025   0.
 -0.56292786  0.          0.          0.          0.        ]+[ 0.         -0.02741665  0.         -0.07221264 -0.52290055  0.
 -0.61695514  0.          0.          0.          0.        ]
----


----
[ 0.00000000e+00 -3.85870235e-04  0.00000000e+00 -2.47774453e-01
 -5.18291577e-01  0.00000000e+00 -6.29014732e-01  0.00000000e+00
  0.00000000e+00  0.00000000e+00  0.00000000e+00]x[ 0.          0.00139351  0.         -0.25143641 -0.51847316  0.
 -0.62891276  0.          0.          0.          0.        ]---->
[ 0.00000000e+00 -9.46809323e-05  0.00000000e+00 -2.53496012e-01
 -5.18505932e-01  0.00000000e+00 -6.28879717e-01  0.00000000e+00
  0.00000000e+00  0.00000000e+00  0.00000000e+00]+[ 0.00000000e+00  1.68284201e-04  0.00000000e+00 -2.53250969e-01
 -5.18624970e-01  0.00000000e+00 -6.28988065e-01  0.00000000e+00
  0.00000000e+00  0.00000000e+00  0.00000000e+00]
----


----
[ 0.          0.00139351  0.         -0.25143641 -0.51847316  0.
 -0.62891276  0.          0.          0.          0.        ]x[ 0.         -0.02799719  0.         -0.12430273 -0.52297871  0.
 -0.60570963  0.          0.          0.          0.        ]---->
[ 0.         -0.04043174  0.         -0.26467072 -0.52516991  0.
 -0.61924839  0.          0.          0.          0.        ]+[ 0.         -0.02148701  0.         -0.14923407 -0.52628566  0.
 -0.59494838  0.          0.          0.          0.        ]
----


Roullette Ends
XXXX-XXXX


Errors:>>

XXXXX-----XXXXX
kid: [ 0.         -0.01776975  0.         -0.07808583 -0.52569623  0.
 -0.61608829  0.          0.          0.          0.        ] train error: 416507719733.23645, validation error: 417485375126.6701

kid: [ 0.         -0.04925064  0.         -0.03351825 -0.52397889  0.
 -0.6387372   0.          0.          0.          0.        ] train error: 418461399990.29517, validation error: 424979165939.5416

kid: [ 0.         -0.02434772  0.         -0.24447744 -0.5259025   0.
 -0.56292786  0.          0.          0.          0.        ] train error: 417437688476.7244, validation error: 406831074144.0924

kid: [ 0.         -0.02741665  0.         -0.07221264 -0.52008443  0.
 -0.58889825  0.          0.          0.          0.        ] train error: 423896824434.74097, validation error: 433484810246.26917

kid: [ 0.00000000e+00 -9.04684890e-05  0.00000000e+00 -2.65132860e-01
 -5.18505932e-01  0.00000000e+00 -6.28879717e-01  0.00000000e+00
  0.00000000e+00  0.00000000e+00  0.00000000e+00] train error: 427280669149.8142, validation error: 425879630905.474

kid: [ 0.00000000e+00  1.68034624e-04  0.00000000e+00 -2.53250969e-01
 -5.18624970e-01  0.00000000e+00 -6.28988065e-01  0.00000000e+00
  0.00000000e+00  0.00000000e+00  0.00000000e+00] train error: 427040684673.5395, validation error: 426284628605.72955

kid: [ 0.         -0.04043174  0.         -0.26467072 -0.52516991  0.
 -0.61924839  0.          0.          0.          0.        ] train error: 418532932568.98865, validation error: 407596432323.6705

kid: [ 0.         -0.02148701  0.         -0.14923407 -0.54769481  0.
 -0.58810913  0.          0.          0.          0.        ] train error: 390082028388.26306, validation error: 356137162403.3215

XXXXX-----XXXXX

Best of Children: [ 0.         -0.02148701  0.         -0.14923407 -0.54769481  0.
 -0.58810913  0.          0.          0.          0.        ]->29459.535955853054

>>>>>>>>>

GENERATION : 13

Best of Pool:[ 0.         -0.02991585  0.         -0.12056522 -0.52378682  0.
 -0.57712286  0.          0.          0.          0.        ]->9312290.669678988
Current Pool:
[[ 0.00000000e+00 -3.85870235e-04  0.00000000e+00 -2.47774453e-01
  -5.18291577e-01  0.00000000e+00 -6.29014732e-01  0.00000000e+00
   0.00000000e+00  0.00000000e+00  0.00000000e+00]
 [ 0.00000000e+00  1.68034624e-04  0.00000000e+00 -2.53250969e-01
  -5.18624970e-01  0.00000000e+00 -6.28988065e-01  0.00000000e+00
   0.00000000e+00  0.00000000e+00  0.00000000e+00]
 [ 0.00000000e+00 -1.77697492e-02  0.00000000e+00 -7.80858320e-02
  -5.25696228e-01  0.00000000e+00 -6.16088293e-01  0.00000000e+00
   0.00000000e+00  0.00000000e+00  0.00000000e+00]
 [ 0.00000000e+00 -9.04684890e-05  0.00000000e+00 -2.65132860e-01
  -5.18505932e-01  0.00000000e+00 -6.28879717e-01  0.00000000e+00
   0.00000000e+00  0.00000000e+00  0.00000000e+00]
 [ 0.00000000e+00 -2.62782303e-02  0.00000000e+00 -2.14855020e-01
  -5.20116709e-01  0.00000000e+00 -6.28448136e-01  0.00000000e+00
   0.00000000e+00  0.00000000e+00  0.00000000e+00]
 [ 0.00000000e+00 -2.88179902e-02  0.00000000e+00 -1.32291145e-01
  -5.23568371e-01  0.00000000e+00 -5.79158568e-01  0.00000000e+00
   0.00000000e+00  0.00000000e+00  0.00000000e+00]
 [ 0.00000000e+00  1.39350766e-03  0.00000000e+00 -2.51436415e-01
  -5.18473163e-01  0.00000000e+00 -6.28912755e-01  0.00000000e+00
   0.00000000e+00  0.00000000e+00  0.00000000e+00]
 [ 0.00000000e+00 -2.99158508e-02  0.00000000e+00 -1.20565225e-01
  -5.23786824e-01  0.00000000e+00 -5.77122857e-01  0.00000000e+00
   0.00000000e+00  0.00000000e+00  0.00000000e+00]]

....>>>>>....

XXXX-XXXX
Russian Roullette begins >>>


----
[ 0.         -0.02881799  0.         -0.13229114 -0.52356837  0.
 -0.57915857  0.          0.          0.          0.        ]x[ 0.00000000e+00  1.68034624e-04  0.00000000e+00 -2.53250969e-01
 -5.18624970e-01  0.00000000e+00 -6.28988065e-01  0.00000000e+00
  0.00000000e+00  0.00000000e+00  0.00000000e+00]---->
[ 0.         -0.02617565  0.         -0.34946882 -0.52289718  0.
 -0.63725599  0.          0.          0.          0.        ]+[ 0.          0.02170064  0.         -0.24265103 -0.52472146  0.
 -0.59671549  0.          0.          0.          0.        ]
----


----
[ 0.00000000e+00 -3.85870235e-04  0.00000000e+00 -2.47774453e-01
 -5.18291577e-01  0.00000000e+00 -6.29014732e-01  0.00000000e+00
  0.00000000e+00  0.00000000e+00  0.00000000e+00]x[ 0.00000000e+00 -9.04684890e-05  0.00000000e+00 -2.65132860e-01
 -5.18505932e-01  0.00000000e+00 -6.28879717e-01  0.00000000e+00
  0.00000000e+00  0.00000000e+00  0.00000000e+00]---->
[ 0.00000000e+00 -2.11287810e-04  0.00000000e+00 -2.60408240e-01
 -5.18445498e-01  0.00000000e+00 -6.28907475e-01  0.00000000e+00
  0.00000000e+00  0.00000000e+00  0.00000000e+00]+[ 0.00000000e+00 -2.72676048e-04  0.00000000e+00 -2.61278906e-01
 -5.18500709e-01  0.00000000e+00 -6.29005976e-01  0.00000000e+00
  0.00000000e+00  0.00000000e+00  0.00000000e+00]
----


----
[ 0.         -0.02881799  0.         -0.13229114 -0.52356837  0.
 -0.57915857  0.          0.          0.          0.        ]x[ 0.00000000e+00  1.68034624e-04  0.00000000e+00 -2.53250969e-01
 -5.18624970e-01  0.00000000e+00 -6.28988065e-01  0.00000000e+00
  0.00000000e+00  0.00000000e+00  0.00000000e+00]---->
[ 0.          0.0250718   0.         -0.32841086 -0.52442605  0.
 -0.65561562  0.          0.          0.          0.        ]+[ 0.          0.02632581  0.         -0.32444743 -0.51738916  0.
 -0.67380257  0.          0.          0.          0.        ]
----


----
[ 0.00000000e+00 -3.85870235e-04  0.00000000e+00 -2.47774453e-01
 -5.18291577e-01  0.00000000e+00 -6.29014732e-01  0.00000000e+00
  0.00000000e+00  0.00000000e+00  0.00000000e+00]x[ 0.          0.00139351  0.         -0.25143641 -0.51847316  0.
 -0.62891276  0.          0.          0.          0.        ]---->
[ 0.00000000e+00 -1.28449150e-04  0.00000000e+00 -2.50730679e-01
 -5.18595278e-01  0.00000000e+00 -6.29021295e-01  0.00000000e+00
  0.00000000e+00  0.00000000e+00  0.00000000e+00]+[ 0.         -0.00095591  0.         -0.25116842 -0.51847323  0.
 -0.62883362  0.          0.          0.          0.        ]
----


Roullette Ends
XXXX-XXXX


Errors:>>

XXXXX-----XXXXX
kid: [ 0.         -0.02617565  0.         -0.33890761 -0.52289718  0.
 -0.63725599  0.          0.          0.          0.        ] train error: 422030486178.6374, validation error: 409279768183.1953

kid: [ 0.          0.02170064  0.         -0.24015376 -0.51308533  0.
 -0.60407269  0.          0.          0.          0.        ] train error: 434456271219.2418, validation error: 442775829794.20636

kid: [ 0.00000000e+00 -2.11287810e-04  0.00000000e+00 -2.60408240e-01
 -5.18445498e-01  0.00000000e+00 -6.28907475e-01  0.00000000e+00
  0.00000000e+00  0.00000000e+00  0.00000000e+00] train error: 427329084434.6278, validation error: 426341418495.4849

kid: [ 0.00000000e+00 -2.72676048e-04  0.00000000e+00 -2.61278906e-01
 -5.34535276e-01  0.00000000e+00 -6.29005976e-01  0.00000000e+00
  0.00000000e+00  0.00000000e+00  0.00000000e+00] train error: 406716980832.6173, validation error: 383008309985.16785

kid: [ 0.          0.0250718   0.         -0.32841086 -0.53718269  0.
 -0.66567441  0.          0.          0.          0.        ] train error: 404078060932.0587, validation error: 372392509671.76324

kid: [ 0.          0.02582377  0.         -0.32444743 -0.51024136  0.
 -0.68398882  0.          0.          0.          0.        ] train error: 438902707925.3688, validation error: 445565093071.56836

kid: [ 0.00000000e+00 -1.33313372e-04  0.00000000e+00 -2.50730679e-01
 -5.21125339e-01  0.00000000e+00 -6.29021295e-01  0.00000000e+00
  0.00000000e+00  0.00000000e+00  0.00000000e+00] train error: 423706117317.2323, validation error: 419499242256.8295

kid: [ 0.         -0.00091021  0.         -0.25116842 -0.51847323  0.
 -0.61970596  0.          0.          0.          0.        ] train error: 427229186421.16125, validation error: 426837659956.5877

XXXXX-----XXXXX

Best of Children: [ 0.          0.0250718   0.         -0.32841086 -0.53718269  0.
 -0.66567441  0.          0.          0.          0.        ]->31560.12631072889

>>>>>>>>>

GENERATION : 14

Best of Pool:[ 0.00000000e+00  1.68034624e-04  0.00000000e+00 -2.53250969e-01
 -5.18624970e-01  0.00000000e+00 -6.28988065e-01  0.00000000e+00
  0.00000000e+00  0.00000000e+00  0.00000000e+00]->9312290.669678988
Current Pool:
[[ 0.00000000e+00 -3.85870235e-04  0.00000000e+00 -2.47774453e-01
  -5.18291577e-01  0.00000000e+00 -6.29014732e-01  0.00000000e+00
   0.00000000e+00  0.00000000e+00  0.00000000e+00]
 [ 0.00000000e+00 -9.10211363e-04  0.00000000e+00 -2.51168422e-01
  -5.18473229e-01  0.00000000e+00 -6.19705957e-01  0.00000000e+00
   0.00000000e+00  0.00000000e+00  0.00000000e+00]
 [ 0.00000000e+00 -2.11287810e-04  0.00000000e+00 -2.60408240e-01
  -5.18445498e-01  0.00000000e+00 -6.28907475e-01  0.00000000e+00
   0.00000000e+00  0.00000000e+00  0.00000000e+00]
 [ 0.00000000e+00 -1.33313372e-04  0.00000000e+00 -2.50730679e-01
  -5.21125339e-01  0.00000000e+00 -6.29021295e-01  0.00000000e+00
   0.00000000e+00  0.00000000e+00  0.00000000e+00]
 [ 0.00000000e+00 -2.62782303e-02  0.00000000e+00 -2.14855020e-01
  -5.20116709e-01  0.00000000e+00 -6.28448136e-01  0.00000000e+00
   0.00000000e+00  0.00000000e+00  0.00000000e+00]
 [ 0.00000000e+00 -2.88179902e-02  0.00000000e+00 -1.32291145e-01
  -5.23568371e-01  0.00000000e+00 -5.79158568e-01  0.00000000e+00
   0.00000000e+00  0.00000000e+00  0.00000000e+00]
 [ 0.00000000e+00  1.39350766e-03  0.00000000e+00 -2.51436415e-01
  -5.18473163e-01  0.00000000e+00 -6.28912755e-01  0.00000000e+00
   0.00000000e+00  0.00000000e+00  0.00000000e+00]
 [ 0.00000000e+00  1.68034624e-04  0.00000000e+00 -2.53250969e-01
  -5.18624970e-01  0.00000000e+00 -6.28988065e-01  0.00000000e+00
   0.00000000e+00  0.00000000e+00  0.00000000e+00]]

....>>>>>....

XXXX-XXXX
Russian Roullette begins >>>


----
[ 0.         -0.02627823  0.         -0.21485502 -0.52011671  0.
 -0.62844814  0.          0.          0.          0.        ]x[ 0.         -0.00091021  0.         -0.25116842 -0.51847323  0.
 -0.61970596  0.          0.          0.          0.        ]---->
[ 0.         -0.0016944   0.         -0.26475437 -0.51964385  0.
 -0.61790442  0.          0.          0.          0.        ]+[ 0.         -0.01598829  0.         -0.2588035  -0.51722584  0.
 -0.62646234  0.          0.          0.          0.        ]
----


----
[ 0.00000000e+00 -3.85870235e-04  0.00000000e+00 -2.47774453e-01
 -5.18291577e-01  0.00000000e+00 -6.29014732e-01  0.00000000e+00
  0.00000000e+00  0.00000000e+00  0.00000000e+00]x[ 0.         -0.02627823  0.         -0.21485502 -0.52011671  0.
 -0.62844814  0.          0.          0.          0.        ]---->
[ 0.         -0.01470288  0.         -0.24246524 -0.51961028  0.
 -0.62936828  0.          0.          0.          0.        ]+[ 0.         -0.01970528  0.         -0.20517971 -0.51938471  0.
 -0.62880849  0.          0.          0.          0.        ]
----


----
[ 0.00000000e+00 -3.85870235e-04  0.00000000e+00 -2.47774453e-01
 -5.18291577e-01  0.00000000e+00 -6.29014732e-01  0.00000000e+00
  0.00000000e+00  0.00000000e+00  0.00000000e+00]x[ 0.         -0.02627823  0.         -0.21485502 -0.52011671  0.
 -0.62844814  0.          0.          0.          0.        ]---->
[ 0.         -0.03563679  0.         -0.2130501  -0.52065227  0.
 -0.62869393  0.          0.          0.          0.        ]+[ 0.         -0.03711627  0.         -0.23319414 -0.52023181  0.
 -0.62829826  0.          0.          0.          0.        ]
----


----
[ 0.         -0.02627823  0.         -0.21485502 -0.52011671  0.
 -0.62844814  0.          0.          0.          0.        ]x[ 0.         -0.00091021  0.         -0.25116842 -0.51847323  0.
 -0.61970596  0.          0.          0.          0.        ]---->
[ 0.         -0.02006929  0.         -0.23201318 -0.51906191  0.
 -0.62206027  0.          0.          0.          0.        ]+[ 0.         -0.03285672  0.         -0.23604498 -0.52004516  0.
 -0.62657065  0.          0.          0.          0.        ]
----


Roullette Ends
XXXX-XXXX


Errors:>>

XXXXX-----XXXXX
kid: [ 0.         -0.00169623  0.         -0.27580677 -0.51964385  0.
 -0.61790442  0.          0.          0.          0.        ] train error: 425840803710.6781, validation error: 422054989110.7023

kid: [ 0.         -0.01598829  0.         -0.2535567  -0.53384284  0.
 -0.62646234  0.          0.          0.          0.        ] train error: 407504619060.25995, validation error: 385249955559.9617

kid: [ 0.         -0.01470288  0.         -0.24538549 -0.51961028  0.
 -0.62936828  0.          0.          0.          0.        ] train error: 425674549557.9479, validation error: 424026071665.5082

kid: [ 0.         -0.01970528  0.         -0.20517971 -0.51938471  0.
 -0.64268555  0.          0.          0.          0.        ] train error: 425701574265.73944, validation error: 427147186484.2797

kid: [ 0.         -0.03563679  0.         -0.20988259 -0.52065227  0.
 -0.61697525  0.          0.          0.          0.        ] train error: 424047787813.3797, validation error: 423323488331.966

kid: [ 0.         -0.03711627  0.         -0.24377288 -0.52023181  0.
 -0.62829826  0.          0.          0.          0.        ] train error: 424838803150.54913, validation error: 422398723237.32086

kid: [ 0.         -0.02006929  0.         -0.24152029 -0.51906191  0.
 -0.62206027  0.          0.          0.          0.        ] train error: 426378070112.15375, validation error: 425792546876.7153

kid: [ 0.         -0.03396969  0.         -0.23604498 -0.52004516  0.
 -0.65042556  0.          0.          0.          0.        ] train error: 425032854476.8175, validation error: 423393959224.50543

XXXXX-----XXXXX

Best of Children: [ 0.         -0.01598829  0.         -0.2535567  -0.53384284  0.
 -0.62646234  0.          0.          0.          0.        ]->44934.40217537313

>>>>>>>>>

GENERATION : 15

Best of Pool:[ 0.          0.00139351  0.         -0.25143641 -0.51847316  0.
 -0.62891276  0.          0.          0.          0.        ]->9312290.669678988
Current Pool:
[[ 0.00000000e+00 -3.85870235e-04  0.00000000e+00 -2.47774453e-01
  -5.18291577e-01  0.00000000e+00 -6.29014732e-01  0.00000000e+00
   0.00000000e+00  0.00000000e+00  0.00000000e+00]
 [ 0.00000000e+00 -2.00692876e-02  0.00000000e+00 -2.41520293e-01
  -5.19061907e-01  0.00000000e+00 -6.22060275e-01  0.00000000e+00
   0.00000000e+00  0.00000000e+00  0.00000000e+00]
 [ 0.00000000e+00 -3.56367913e-02  0.00000000e+00 -2.09882587e-01
  -5.20652275e-01  0.00000000e+00 -6.16975248e-01  0.00000000e+00
   0.00000000e+00  0.00000000e+00  0.00000000e+00]
 [ 0.00000000e+00 -1.97052826e-02  0.00000000e+00 -2.05179707e-01
  -5.19384711e-01  0.00000000e+00 -6.42685548e-01  0.00000000e+00
   0.00000000e+00  0.00000000e+00  0.00000000e+00]
 [ 0.00000000e+00 -2.62782303e-02  0.00000000e+00 -2.14855020e-01
  -5.20116709e-01  0.00000000e+00 -6.28448136e-01  0.00000000e+00
   0.00000000e+00  0.00000000e+00  0.00000000e+00]
 [ 0.00000000e+00 -2.88179902e-02  0.00000000e+00 -1.32291145e-01
  -5.23568371e-01  0.00000000e+00 -5.79158568e-01  0.00000000e+00
   0.00000000e+00  0.00000000e+00  0.00000000e+00]
 [ 0.00000000e+00 -9.10211363e-04  0.00000000e+00 -2.51168422e-01
  -5.18473229e-01  0.00000000e+00 -6.19705957e-01  0.00000000e+00
   0.00000000e+00  0.00000000e+00  0.00000000e+00]
 [ 0.00000000e+00  1.39350766e-03  0.00000000e+00 -2.51436415e-01
  -5.18473163e-01  0.00000000e+00 -6.28912755e-01  0.00000000e+00
   0.00000000e+00  0.00000000e+00  0.00000000e+00]]

....>>>>>....

XXXX-XXXX
Russian Roullette begins >>>


----
[ 0.         -0.02627823  0.         -0.21485502 -0.52011671  0.
 -0.62844814  0.          0.          0.          0.        ]x[ 0.         -0.00091021  0.         -0.25116842 -0.51847323  0.
 -0.61970596  0.          0.          0.          0.        ]---->
[ 0.         -0.0065598   0.         -0.2408396  -0.5207574   0.
 -0.61585989  0.          0.          0.          0.        ]+[ 0.         -0.03004787  0.         -0.24139604 -0.51976354  0.
 -0.61688696  0.          0.          0.          0.        ]
----


----
[ 0.         -0.02006929  0.         -0.24152029 -0.51906191  0.
 -0.62206027  0.          0.          0.          0.        ]x[ 0.         -0.03563679  0.         -0.20988259 -0.52065227  0.
 -0.61697525  0.          0.          0.          0.        ]---->
[ 0.         -0.03382316  0.         -0.23432892 -0.52081338  0.
 -0.62413986  0.          0.          0.          0.        ]+[ 0.         -0.03737761  0.         -0.22418071 -0.52089509  0.
 -0.61727185  0.          0.          0.          0.        ]
----


----
[ 0.00000000e+00 -3.85870235e-04  0.00000000e+00 -2.47774453e-01
 -5.18291577e-01  0.00000000e+00 -6.29014732e-01  0.00000000e+00
  0.00000000e+00  0.00000000e+00  0.00000000e+00]x[ 0.         -0.02881799  0.         -0.13229114 -0.52356837  0.
 -0.57915857  0.          0.          0.          0.        ]---->
[ 0.         -0.03030331  0.         -0.13459021 -0.52518727  0.
 -0.55673455  0.          0.          0.          0.        ]+[ 0.         -0.04092621  0.         -0.24847131 -0.52638075  0.
 -0.61888858  0.          0.          0.          0.        ]
----


----
[ 0.         -0.02627823  0.         -0.21485502 -0.52011671  0.
 -0.62844814  0.          0.          0.          0.        ]x[ 0.         -0.02881799  0.         -0.13229114 -0.52356837  0.
 -0.57915857  0.          0.          0.          0.        ]---->
[ 0.         -0.02870598  0.         -0.2605582  -0.52214368  0.
 -0.59305968  0.          0.          0.          0.        ]+[ 0.         -0.02996036  0.         -0.10374626 -0.52578142  0.
 -0.59336015  0.          0.          0.          0.        ]
----


Roullette Ends
XXXX-XXXX


Errors:>>

XXXXX-----XXXXX
kid: [ 0.        -0.0065598  0.        -0.2408396 -0.5207574  0.
 -0.636368   0.         0.         0.         0.       ] train error: 424122548351.7272, validation error: 421124119507.58997

kid: [ 0.         -0.03004787  0.         -0.24139604 -0.51976354  0.
 -0.61688696  0.          0.          0.          0.        ] train error: 425443599152.1361, validation error: 423846101352.6703

kid: [ 0.         -0.03377423  0.         -0.23245531 -0.52081338  0.
 -0.62413986  0.          0.          0.          0.        ] train error: 423990388646.4053, validation error: 421484496358.1938

kid: [ 0.         -0.03737761  0.         -0.22418071 -0.52089509  0.
 -0.61370925  0.          0.          0.          0.        ] train error: 423824916318.8358, validation error: 421767755453.6162

kid: [ 0.         -0.02963181  0.         -0.13459021 -0.52518727  0.
 -0.55673455  0.          0.          0.          0.        ] train error: 417565295937.1379, validation error: 415431128415.74243

kid: [ 0.         -0.04023405  0.         -0.25496094 -0.52638075  0.
 -0.61888858  0.          0.          0.          0.        ] train error: 416902252164.942, validation error: 404911266311.3436

kid: [ 0.         -0.02952593  0.         -0.2605582  -0.49743831  0.
 -0.59305968  0.          0.          0.          0.        ] train error: 456861094860.7163, validation error: 487764432789.8331

kid: [ 0.         -0.02996036  0.         -0.10374626 -0.52578142  0.
 -0.61525791  0.          0.          0.          0.        ] train error: 416575157454.7915, validation error: 415683467741.84467

XXXXX-----XXXXX

Best of Children: [ 0.         -0.02952593  0.         -0.2605582  -0.49743831  0.
 -0.59305968  0.          0.          0.          0.        ]->32358.96401526936

>>>>>>>>>

GENERATION : 16

Best of Pool:[ 0.          0.00139351  0.         -0.25143641 -0.51847316  0.
 -0.62891276  0.          0.          0.          0.        ]->9312290.669678988
Current Pool:
[[ 0.00000000e+00 -3.85870235e-04  0.00000000e+00 -2.47774453e-01
  -5.18291577e-01  0.00000000e+00 -6.29014732e-01  0.00000000e+00
   0.00000000e+00  0.00000000e+00  0.00000000e+00]
 [ 0.00000000e+00 -2.99603603e-02  0.00000000e+00 -1.03746259e-01
  -5.25781418e-01  0.00000000e+00 -6.15257911e-01  0.00000000e+00
   0.00000000e+00  0.00000000e+00  0.00000000e+00]
 [ 0.00000000e+00 -3.00478657e-02  0.00000000e+00 -2.41396041e-01
  -5.19763538e-01  0.00000000e+00 -6.16886955e-01  0.00000000e+00
   0.00000000e+00  0.00000000e+00  0.00000000e+00]
 [ 0.00000000e+00 -3.73776132e-02  0.00000000e+00 -2.24180709e-01
  -5.20895092e-01  0.00000000e+00 -6.13709246e-01  0.00000000e+00
   0.00000000e+00  0.00000000e+00  0.00000000e+00]
 [ 0.00000000e+00 -2.62782303e-02  0.00000000e+00 -2.14855020e-01
  -5.20116709e-01  0.00000000e+00 -6.28448136e-01  0.00000000e+00
   0.00000000e+00  0.00000000e+00  0.00000000e+00]
 [ 0.00000000e+00 -2.88179902e-02  0.00000000e+00 -1.32291145e-01
  -5.23568371e-01  0.00000000e+00 -5.79158568e-01  0.00000000e+00
   0.00000000e+00  0.00000000e+00  0.00000000e+00]
 [ 0.00000000e+00 -9.10211363e-04  0.00000000e+00 -2.51168422e-01
  -5.18473229e-01  0.00000000e+00 -6.19705957e-01  0.00000000e+00
   0.00000000e+00  0.00000000e+00  0.00000000e+00]
 [ 0.00000000e+00  1.39350766e-03  0.00000000e+00 -2.51436415e-01
  -5.18473163e-01  0.00000000e+00 -6.28912755e-01  0.00000000e+00
   0.00000000e+00  0.00000000e+00  0.00000000e+00]]

....>>>>>....

XXXX-XXXX
Russian Roullette begins >>>


----
[ 0.00000000e+00 -3.85870235e-04  0.00000000e+00 -2.47774453e-01
 -5.18291577e-01  0.00000000e+00 -6.29014732e-01  0.00000000e+00
  0.00000000e+00  0.00000000e+00  0.00000000e+00]x[ 0.         -0.02627823  0.         -0.21485502 -0.52011671  0.
 -0.62844814  0.          0.          0.          0.        ]---->
[ 0.         -0.02564335  0.         -0.23437562 -0.51936954  0.
 -0.62842376  0.          0.          0.          0.        ]+[ 0.         -0.01134292  0.         -0.21173968 -0.51963675  0.
 -0.62853541  0.          0.          0.          0.        ]
----


----
[ 0.         -0.02881799  0.         -0.13229114 -0.52356837  0.
 -0.57915857  0.          0.          0.          0.        ]x[ 0.         -0.00091021  0.         -0.25116842 -0.51847323  0.
 -0.61970596  0.          0.          0.          0.        ]---->
[ 0.         -0.0435775   0.         -0.19713033 -0.5202785   0.
 -0.61344496  0.          0.          0.          0.        ]+[ 0.         -0.015293    0.         -0.17235917 -0.52702765  0.
 -0.59233881  0.          0.          0.          0.        ]
----


----
[ 0.         -0.02627823  0.         -0.21485502 -0.52011671  0.
 -0.62844814  0.          0.          0.          0.        ]x[ 0.         -0.03737761  0.         -0.22418071 -0.52089509  0.
 -0.61370925  0.          0.          0.          0.        ]---->
[ 0.         -0.04261847  0.         -0.22298488 -0.52097447  0.
 -0.61875871  0.          0.          0.          0.        ]+[ 0.         -0.03772826  0.         -0.22191787 -0.52077666  0.
 -0.61131688  0.          0.          0.          0.        ]
----


----
[ 0.         -0.02627823  0.         -0.21485502 -0.52011671  0.
 -0.62844814  0.          0.          0.          0.        ]x[ 0.          0.00139351  0.         -0.25143641 -0.51847316  0.
 -0.62891276  0.          0.          0.          0.        ]---->
[ 0.         -0.0130821   0.         -0.22247637 -0.52082896  0.
 -0.62875459  0.          0.          0.          0.        ]+[ 0.         -0.02442768  0.         -0.23923711 -0.51975653  0.
 -0.62857908  0.          0.          0.          0.        ]
----


Roullette Ends
XXXX-XXXX


Errors:>>

XXXXX-----XXXXX
kid: [ 0.         -0.02682031  0.         -0.22864957 -0.51936954  0.
 -0.65821396  0.          0.          0.          0.        ] train error: 425880527466.5377, validation error: 425732452214.84106

kid: [ 0.         -0.01134292  0.         -0.2147285  -0.50861664  0.
 -0.62853541  0.          0.          0.          0.        ] train error: 440513938225.07043, validation error: 457355140175.3397

kid: [ 0.         -0.0435775   0.         -0.19713033 -0.5202785   0.
 -0.61344496  0.          0.          0.          0.        ] train error: 424457025240.68335, validation error: 425151796797.7713

kid: [ 0.         -0.015293    0.         -0.16635993 -0.52702765  0.
 -0.59233881  0.          0.          0.          0.        ] train error: 415410678708.0832, validation error: 408490298100.37634

kid: [ 0.         -0.04261847  0.         -0.22158189 -0.52097447  0.
 -0.59060306  0.          0.          0.          0.        ] train error: 423701984772.8529, validation error: 421707793849.6188

kid: [ 0.         -0.0390934   0.         -0.22794052 -0.52077666  0.
 -0.61131688  0.          0.          0.          0.        ] train error: 424007647029.339, validation error: 421864176983.1647

kid: [ 0.         -0.0130821   0.         -0.22702218 -0.51788612  0.
 -0.6456245   0.          0.          0.          0.        ] train error: 427853320770.95447, validation error: 429985248215.3

kid: [ 0.         -0.02336651  0.         -0.24051154 -0.52122542  0.
 -0.62857908  0.          0.          0.          0.        ] train error: 423502482433.4638, validation error: 419849698214.68396

XXXXX-----XXXXX

Best of Children: [ 0.         -0.01134292  0.         -0.2147285  -0.50861664  0.
 -0.62853541  0.          0.          0.          0.        ]->59378.18470159787

>>>>>>>>>

GENERATION : 17

Best of Pool:[ 0.          0.00139351  0.         -0.25143641 -0.51847316  0.
 -0.62891276  0.          0.          0.          0.        ]->9312290.669678988
Current Pool:
[[ 0.00000000e+00 -3.85870235e-04  0.00000000e+00 -2.47774453e-01
  -5.18291577e-01  0.00000000e+00 -6.29014732e-01  0.00000000e+00
   0.00000000e+00  0.00000000e+00  0.00000000e+00]
 [ 0.00000000e+00 -2.68203134e-02  0.00000000e+00 -2.28649571e-01
  -5.19369542e-01  0.00000000e+00 -6.58213963e-01  0.00000000e+00
   0.00000000e+00  0.00000000e+00  0.00000000e+00]
 [ 0.00000000e+00 -4.35775044e-02  0.00000000e+00 -1.97130327e-01
  -5.20278501e-01  0.00000000e+00 -6.13444963e-01  0.00000000e+00
   0.00000000e+00  0.00000000e+00  0.00000000e+00]
 [ 0.00000000e+00 -4.26184713e-02  0.00000000e+00 -2.21581890e-01
  -5.20974469e-01  0.00000000e+00 -5.90603059e-01  0.00000000e+00
   0.00000000e+00  0.00000000e+00  0.00000000e+00]
 [ 0.00000000e+00 -2.62782303e-02  0.00000000e+00 -2.14855020e-01
  -5.20116709e-01  0.00000000e+00 -6.28448136e-01  0.00000000e+00
   0.00000000e+00  0.00000000e+00  0.00000000e+00]
 [ 0.00000000e+00 -2.88179902e-02  0.00000000e+00 -1.32291145e-01
  -5.23568371e-01  0.00000000e+00 -5.79158568e-01  0.00000000e+00
   0.00000000e+00  0.00000000e+00  0.00000000e+00]
 [ 0.00000000e+00 -9.10211363e-04  0.00000000e+00 -2.51168422e-01
  -5.18473229e-01  0.00000000e+00 -6.19705957e-01  0.00000000e+00
   0.00000000e+00  0.00000000e+00  0.00000000e+00]
 [ 0.00000000e+00  1.39350766e-03  0.00000000e+00 -2.51436415e-01
  -5.18473163e-01  0.00000000e+00 -6.28912755e-01  0.00000000e+00
   0.00000000e+00  0.00000000e+00  0.00000000e+00]]

....>>>>>....

XXXX-XXXX
Russian Roullette begins >>>


----
[ 0.         -0.0435775   0.         -0.19713033 -0.5202785   0.
 -0.61344496  0.          0.          0.          0.        ]x[ 0.         -0.04261847  0.         -0.22158189 -0.52097447  0.
 -0.59060306  0.          0.          0.          0.        ]---->
[ 0.         -0.04407677  0.         -0.20709409 -0.52076906  0.
 -0.61785531  0.          0.          0.          0.        ]+[ 0.         -0.04450158  0.         -0.21039794 -0.52094753  0.
 -0.61228349  0.          0.          0.          0.        ]
----


----
[ 0.00000000e+00 -3.85870235e-04  0.00000000e+00 -2.47774453e-01
 -5.18291577e-01  0.00000000e+00 -6.29014732e-01  0.00000000e+00
  0.00000000e+00  0.00000000e+00  0.00000000e+00]x[ 0.          0.00139351  0.         -0.25143641 -0.51847316  0.
 -0.62891276  0.          0.          0.          0.        ]---->
[ 0.          0.00102434  0.         -0.24918808 -0.51839556  0.
 -0.62891716  0.          0.          0.          0.        ]+[ 0.00000000e+00 -4.67265587e-04  0.00000000e+00 -2.49999304e-01
 -5.18476007e-01  0.00000000e+00 -6.29100781e-01  0.00000000e+00
  0.00000000e+00  0.00000000e+00  0.00000000e+00]
----


----
[ 0.         -0.02682031  0.         -0.22864957 -0.51936954  0.
 -0.65821396  0.          0.          0.          0.        ]x[ 0.         -0.02881799  0.         -0.13229114 -0.52356837  0.
 -0.57915857  0.          0.          0.          0.        ]---->
[ 0.         -0.02909067  0.         -0.24892167 -0.52437336  0.
 -0.67399653  0.          0.          0.          0.        ]+[ 0.         -0.02986024  0.         -0.15976329 -0.523342    0.
 -0.56795267  0.          0.          0.          0.        ]
----


----
[ 0.         -0.02682031  0.         -0.22864957 -0.51936954  0.
 -0.65821396  0.          0.          0.          0.        ]x[ 0.         -0.02627823  0.         -0.21485502 -0.52011671  0.
 -0.62844814  0.          0.          0.          0.        ]---->
[ 0.         -0.02641032  0.         -0.2090859  -0.52067048  0.
 -0.61941714  0.          0.          0.          0.        ]+[ 0.         -0.02585179  0.         -0.20464696 -0.52055368  0.
 -0.66364281  0.          0.          0.          0.        ]
----


Roullette Ends
XXXX-XXXX


Errors:>>

XXXXX-----XXXXX
kid: [ 0.         -0.04407677  0.         -0.21530371 -0.49935891  0.
 -0.61785531  0.          0.          0.          0.        ] train error: 453817348838.6462, validation error: 484966946917.2594

kid: [ 0.         -0.04450158  0.         -0.2061913  -0.52094753  0.
 -0.61228349  0.          0.          0.          0.        ] train error: 423631381573.26514, validation error: 422731384230.22205

kid: [ 0.          0.00101536  0.         -0.24918808 -0.51839556  0.
 -0.63548733  0.          0.          0.          0.        ] train error: 427319533238.6868, validation error: 427177809182.12054

kid: [ 0.00000000e+00 -4.67265587e-04  0.00000000e+00 -2.56561075e-01
 -5.18476007e-01  0.00000000e+00 -6.39823244e-01  0.00000000e+00
  0.00000000e+00  0.00000000e+00  0.00000000e+00] train error: 427262129542.3948, validation error: 426495036337.6792

kid: [ 0.         -0.02909067  0.         -0.24892167 -0.52437336  0.
 -0.67399653  0.          0.          0.          0.        ] train error: 419446197590.02106, validation error: 410708209128.4653

kid: [ 0.         -0.02986024  0.         -0.16221095 -0.53118982  0.
 -0.55364337  0.          0.          0.          0.        ] train error: 410079822749.7139, validation error: 397569330790.775

kid: [ 0.         -0.02641032  0.         -0.2090859  -0.54664909  0.
 -0.62609367  0.          0.          0.          0.        ] train error: 391844035987.58185, validation error: 355426296712.27

kid: [ 0.         -0.02585179  0.         -0.20464696 -0.52055368  0.
 -0.66364281  0.          0.          0.          0.        ] train error: 424142592647.04407, validation error: 423921322742.4247

XXXXX-----XXXXX