Starting from init...
starting....

Errors:>>

XXXXX-----XXXXX
kid: [0. 0. 0. 0. 0. 0. 0. 0. 0. 0. 0.] train error: 2031280283262.183, validation error: 3624979221727.6943

kid: [ 0.          0.0217828   0.         -0.011385    0.          0.
  0.00919445  0.          0.04300698  0.          0.        ] train error: 1.5273937387141555e+23, validation error: 2.961263713276701e+23

kid: [ 0.          0.          0.          0.01091855  0.         -0.01398678
 -0.00583581 -0.00677755  0.          0.          0.        ] train error: 7.172183071729171e+37, validation error: 7.298460062209489e+37

kid: [-0.08140363  0.          0.         -0.05746768  0.          0.
  0.         -0.01150085  0.          0.02795526  0.        ] train error: 1.5067160287662304e+26, validation error: 2.8884867098081437e+26

kid: [ 0.         -0.08043585  0.05175445  0.03152342  0.          0.
  0.          0.         -0.05200306  0.          0.        ] train error: 2.233194405504076e+23, validation error: 4.329641229100963e+23

kid: [ 0.04512246  0.          0.0572153   0.          0.          0.02593666
  0.          0.          0.         -0.04492596  0.        ] train error: 2.466282562354316e+38, validation error: 2.509703159427219e+38

kid: [ 0.04334315  0.          0.          0.          0.          0.
  0.         -0.02461948 -0.02783593  0.         -0.02854399] train error: 3.700821234907146e+29, validation error: 7.00157499325752e+29

kid: [ 0.         -0.03176595  0.          0.          0.          0.
  0.05999241  0.          0.         -0.02222206 -0.04440808] train error: 9.132309491281184e+29, validation error: 1.7285694165755014e+30

kid: [ 0.          0.          0.01318495  0.          0.          0.
  0.          0.          0.01764212 -0.00572713 -0.05868917] train error: 1.5689953015081498e+30, validation error: 2.9686223700207346e+30

kid: [ 0.          0.         -0.01779145  0.01503609  0.          0.
  0.         -0.05293043  0.05289684  0.          0.        ] train error: 2.2203677246311633e+23, validation error: 4.294700327208839e+23

kid: [ 0.         -0.00691334  0.         -0.02457528  0.02537242  0.
  0.          0.          0.00389736  0.          0.        ] train error: 1.2544086790340587e+21, validation error: 2.4320302835750886e+21

kid: [ 0.0467112   0.          0.          0.          0.05669497  0.07249252
 -0.05072895  0.          0.          0.          0.        ] train error: 1.9266467202214065e+39, validation error: 1.9605682118722562e+39

kid: [ 0.          0.         -0.003755    0.          0.01302582  0.
  0.          0.          0.04316801 -0.10958879  0.        ] train error: 2.279820909077866e+27, validation error: 4.368042730614052e+27

kid: [ 0.          0.00346229  0.          0.          0.02745604  0.
  0.0279575  -0.02288711  0.          0.          0.        ] train error: 1.871436913502941e+19, validation error: 3.6564970425804923e+19

kid: [0.         0.         0.         0.         0.00872513 0.02370294
 0.02812096 0.         0.         0.01863836 0.        ] train error: 2.0597781906371722e+38, validation error: 2.0960444147362373e+38

kid: [ 0.          0.00601554  0.          0.          0.04197206  0.
  0.          0.         -0.05013816 -0.04342335  0.        ] train error: 3.8072056886373995e+26, validation error: 7.310569667954784e+26

kid: [ 0.          0.02576402  0.          0.00969574  0.         -0.02238951
  0.          0.          0.          0.0965528   0.        ] train error: 1.8378184510375728e+38, validation error: 1.8701722980631026e+38

kid: [ 0.          0.         -0.09268732  0.          0.          0.09090162
 -0.07664021  0.          0.         -0.00762231  0.        ] train error: 3.0294161320872304e+39, validation error: 3.0827534071912653e+39

kid: [ 0.00048456  0.          0.          0.         -0.0434792   0.
  0.         -0.03134997  0.          0.         -0.04720346] train error: 1.0112421627278905e+30, validation error: 1.9131452274473148e+30

kid: [ 0.00835913  0.          0.          0.01693465  0.          0.
  0.          0.         -0.02948128  0.07289478  0.        ] train error: 1.0082695203710252e+27, validation error: 1.9317721305774098e+27

kid: [ 0.          0.          0.          0.         -0.00335443  0.
  0.03087968 -0.01020562  0.02066903  0.          0.        ] train error: 3.459505296810025e+22, validation error: 6.699588565943204e+22

kid: [-0.04903747 -0.06090093  0.          0.          0.         -0.01547758
  0.04810031  0.          0.          0.          0.        ] train error: 8.782569553758116e+37, validation error: 8.937199801567182e+37

kid: [ 0.01136576  0.          0.          0.          0.          0.03996787
  0.          0.         -0.00162148  0.          0.03590612] train error: 5.85683099280595e+38, validation error: 5.960066272634968e+38

kid: [ 0.          0.          0.04477774  0.          0.          0.03589837
  0.          0.         -0.0493372   0.          0.03080585] train error: 4.7248620516603625e+38, validation error: 4.808140420696206e+38

kid: [ 0.         -0.01822457  0.          0.          0.00414125  0.
 -0.04324444  0.          0.          0.          0.06586051] train error: 1.968578469104106e+30, validation error: 3.724305114694856e+30

kid: [ 0.         -0.07246243  0.          0.          0.          0.07746181
  0.          0.03100316  0.          0.08041387  0.        ] train error: 2.1998426231829557e+39, validation error: 2.2385752000721497e+39

kid: [ 0.         -0.02659888  0.         -0.00327311  0.          0.
  0.06990063  0.          0.05989879  0.          0.        ] train error: 2.9628430953840912e+23, validation error: 5.7442670773959895e+23

kid: [-0.04389396  0.          0.00201409  0.          0.         -0.07880581
  0.          0.          0.         -0.00258369  0.        ] train error: 2.2768385695728284e+39, validation error: 2.3169257462638618e+39

kid: [ 0.          0.          0.00598965  0.          0.03115675 -0.00296465
  0.          0.          0.          0.         -0.03071863] train error: 3.224426830326892e+36, validation error: 3.2819406819460476e+36

kid: [ 0.          0.          0.         -0.04691618 -0.0372587   0.
  0.          0.          0.          0.03299169  0.02663289] train error: 3.3826486367961346e+29, validation error: 6.407151923463747e+29

XXXXX-----XXXXX

---------


>>>>>>>>>

GENERATION : 1

Best of Pool:[ 0.00835913  0.          0.          0.01693465  0.          0.
  0.          0.         -0.02948128  0.07289478  0.        ]->95.80970212224949
Current Pool:
[[ 0.00048456  0.          0.          0.         -0.0434792   0.
   0.         -0.03134997  0.          0.         -0.04720346]
 [ 0.          0.          0.01318495  0.          0.          0.
   0.          0.          0.01764212 -0.00572713 -0.05868917]
 [ 0.         -0.01822457  0.          0.          0.00414125  0.
  -0.04324444  0.          0.          0.          0.06586051]
 [ 0.          0.          0.00598965  0.          0.03115675 -0.00296465
   0.          0.          0.          0.         -0.03071863]
 [ 0.          0.          0.          0.          0.          0.
   0.          0.          0.          0.          0.        ]
 [ 0.          0.00346229  0.          0.          0.02745604  0.
   0.0279575  -0.02288711  0.          0.          0.        ]
 [ 0.         -0.00691334  0.         -0.02457528  0.02537242  0.
   0.          0.          0.00389736  0.          0.        ]
 [ 0.          0.          0.          0.         -0.00335443  0.
   0.03087968 -0.01020562  0.02066903  0.          0.        ]
 [ 0.          0.0217828   0.         -0.011385    0.          0.
   0.00919445  0.          0.04300698  0.          0.        ]
 [ 0.          0.         -0.01779145  0.01503609  0.          0.
   0.         -0.05293043  0.05289684  0.          0.        ]
 [ 0.         -0.08043585  0.05175445  0.03152342  0.          0.
   0.          0.         -0.05200306  0.          0.        ]
 [ 0.         -0.02659888  0.         -0.00327311  0.          0.
   0.06990063  0.          0.05989879  0.          0.        ]
 [-0.08140363  0.          0.         -0.05746768  0.          0.
   0.         -0.01150085  0.          0.02795526  0.        ]
 [ 0.          0.00601554  0.          0.          0.04197206  0.
   0.          0.         -0.05013816 -0.04342335  0.        ]
 [ 0.00835913  0.          0.          0.01693465  0.          0.
   0.          0.         -0.02948128  0.07289478  0.        ]]

....>>>>>....

XXXX-XXXX
Russian Roullette begins >>>


----
[0. 0. 0. 0. 0. 0. 0. 0. 0. 0. 0.]x[ 0.          0.00346229  0.          0.          0.02745604  0.
  0.0279575  -0.02288711  0.          0.          0.        ]---->
[ 0.          0.00565768  0.          0.          0.00409047  0.
  0.00968894 -0.0147997   0.          0.          0.        ]+[ 0.          0.00080814  0.          0.         -0.0126558   0.
  0.03121782 -0.0426004   0.          0.          0.        ]
----


----
[0. 0. 0. 0. 0. 0. 0. 0. 0. 0. 0.]x[ 0.          0.00346229  0.          0.          0.02745604  0.
  0.0279575  -0.02288711  0.          0.          0.        ]---->
[ 0.         -0.0005243   0.          0.          0.02536072  0.
  0.02114085 -0.02269879  0.          0.          0.        ]+[ 0.          0.00187226  0.          0.          0.02912977  0.
 -0.01476847 -0.01367989  0.          0.          0.        ]
----


----
[0. 0. 0. 0. 0. 0. 0. 0. 0. 0. 0.]x[ 0.          0.00346229  0.          0.          0.02745604  0.
  0.0279575  -0.02288711  0.          0.          0.        ]---->
[ 0.          0.00302312  0.          0.         -0.01027567  0.
  0.0042134  -0.01885868  0.          0.          0.        ]+[ 0.          0.00441679  0.          0.          0.0381328   0.
  0.00822685 -0.01273569  0.          0.          0.        ]
----


----
[0. 0. 0. 0. 0. 0. 0. 0. 0. 0. 0.]x[ 0.          0.00346229  0.          0.          0.02745604  0.
  0.0279575  -0.02288711  0.          0.          0.        ]---->
[ 0.          0.00377517  0.          0.         -0.00993513  0.
  0.00997879 -0.01459314  0.          0.          0.        ]+[ 0.          0.00393753  0.          0.          0.03472106  0.
 -0.01032581 -0.01641046  0.          0.          0.        ]
----


----
[0. 0. 0. 0. 0. 0. 0. 0. 0. 0. 0.]x[ 0.          0.00346229  0.          0.          0.02745604  0.
  0.0279575  -0.02288711  0.          0.          0.        ]---->
[ 0.          0.00254106  0.          0.          0.03689057  0.
  0.02255711 -0.01239648  0.          0.          0.        ]+[ 0.          0.00152929  0.          0.          0.00416602  0.
 -0.00103567 -0.02806394  0.          0.          0.        ]
----


----
[0. 0. 0. 0. 0. 0. 0. 0. 0. 0. 0.]x[ 0.          0.00346229  0.          0.          0.02745604  0.
  0.0279575  -0.02288711  0.          0.          0.        ]---->
[ 0.          0.00157791  0.          0.          0.04220516  0.
  0.00314637 -0.0333342   0.          0.          0.        ]+[ 0.          0.00384716  0.          0.          0.01439067  0.
  0.03026562 -0.02881985  0.          0.          0.        ]
----


----
[0. 0. 0. 0. 0. 0. 0. 0. 0. 0. 0.]x[ 0.          0.00346229  0.          0.          0.02745604  0.
  0.0279575  -0.02288711  0.          0.          0.        ]---->
[ 0.          0.003189    0.          0.          0.02403569  0.
  0.02163431 -0.02236361  0.          0.          0.        ]+[ 0.          0.00065815  0.          0.          0.01169428  0.
  0.02902443 -0.02201427  0.          0.          0.        ]
----


----
[0. 0. 0. 0. 0. 0. 0. 0. 0. 0. 0.]x[ 0.          0.00346229  0.          0.          0.02745604  0.
  0.0279575  -0.02288711  0.          0.          0.        ]---->
[ 0.          0.00309106  0.          0.         -0.00858599  0.
  0.0104926  -0.01733994  0.          0.          0.        ]+[ 0.         -0.00012235  0.          0.          0.001536    0.
  0.0014137  -0.02301815  0.          0.          0.        ]
----


Roullette Ends
XXXX-XXXX


Errors:>>

XXXXX-----XXXXX
kid: [ 0.          0.00565768  0.          0.          0.00302598  0.
  0.00830249 -0.0147997   0.          0.          0.        ] train error: 7.823760751325854e+18, validation error: 1.5284688265057348e+19

kid: [ 0.          0.00080814  0.          0.         -0.0126558   0.
  0.01154056 -0.0426004   0.          0.          0.        ] train error: 6.484967517961603e+19, validation error: 1.2671905244458616e+20

kid: [ 0.         -0.0005243   0.          0.          0.02536072  0.
  0.02136907 -0.02269879  0.          0.          0.        ] train error: 1.8407631053063018e+19, validation error: 3.5965596436121727e+19

kid: [ 0.          0.00187226  0.          0.          0.0147089   0.
 -0.01476847 -0.01213425  0.          0.          0.        ] train error: 5.258626797398096e+18, validation error: 1.0272616742927417e+19

kid: [ 0.          0.00302312  0.          0.         -0.01027567  0.
  0.0042134  -0.01885868  0.          0.          0.        ] train error: 1.2705525353619878e+19, validation error: 2.4823614154575507e+19

kid: [ 0.          0.00441679  0.          0.          0.0381328   0.
  0.00822685 -0.01273569  0.          0.          0.        ] train error: 5.79287181185938e+18, validation error: 1.1316414495731923e+19

kid: [ 0.          0.00377517  0.          0.         -0.00993513  0.
  0.00997879 -0.00898209  0.          0.          0.        ] train error: 2.8807674916145684e+18, validation error: 5.626764733310489e+18

kid: [ 0.          0.00120364  0.          0.          0.03472106  0.
 -0.01032581 -0.01641046  0.          0.          0.        ] train error: 9.619740180550885e+18, validation error: 1.8793867771877343e+19

kid: [ 0.          0.00207414  0.          0.          0.03689057  0.
  0.02255711 -0.00600337  0.          0.          0.        ] train error: 1.286128136551716e+18, validation error: 2.5113689244831846e+18

kid: [ 0.          0.00147423  0.          0.          0.00416602  0.
 -0.00086418 -0.02806394  0.          0.          0.        ] train error: 2.814028853934483e+19, validation error: 5.4984041502177075e+19

kid: [ 0.          0.00157791  0.          0.          0.00139666  0.
  0.0018687  -0.0333342   0.          0.          0.        ] train error: 3.9703915265217315e+19, validation error: 7.758064471866905e+19

kid: [ 0.          0.00329351  0.          0.          0.01191272  0.
  0.03026562 -0.03053356  0.          0.          0.        ] train error: 3.3311594267445862e+19, validation error: 6.508925620090846e+19

kid: [ 0.00000000e+00  2.03454310e-05  0.00000000e+00  0.00000000e+00
  2.40356890e-02  0.00000000e+00  2.30093689e-02 -2.23636117e-02
  0.00000000e+00  0.00000000e+00  0.00000000e+00] train error: 1.7867929169909357e+19, validation error: 3.4910996825971294e+19

kid: [ 0.          0.00074281  0.          0.          0.01169428  0.
  0.02902443 -0.02201427  0.          0.          0.        ] train error: 1.7314110641749629e+19, validation error: 3.3828857465064456e+19

kid: [ 0.          0.00088473  0.          0.         -0.00919698  0.
  0.0104926  -0.0086201   0.          0.          0.        ] train error: 2.6531416811852314e+18, validation error: 5.182044300939905e+18

XXXXX-----XXXXX

Best of Children: [ 0.          0.00080814  0.          0.         -0.0126558   0.
  0.01154056 -0.0426004   0.          0.          0.        ]->2.651276118954097e-06

>>>>>>>>>

GENERATION : 2

Best of Pool:[ 0.         -0.0005243   0.          0.          0.02536072  0.
  0.02136907 -0.02269879  0.          0.          0.        ]->95.80970212224949
Current Pool:
[[ 0.00000000e+00  0.00000000e+00  0.00000000e+00  0.00000000e+00
   0.00000000e+00  0.00000000e+00  0.00000000e+00  0.00000000e+00
   0.00000000e+00  0.00000000e+00  0.00000000e+00]
 [ 0.00000000e+00  3.46229318e-03  0.00000000e+00  0.00000000e+00
   2.74560371e-02  0.00000000e+00  2.79575013e-02 -2.28871084e-02
   0.00000000e+00  0.00000000e+00  0.00000000e+00]
 [ 0.00000000e+00 -6.91333886e-03  0.00000000e+00 -2.45752778e-02
   2.53724162e-02  0.00000000e+00  0.00000000e+00  0.00000000e+00
   3.89735730e-03  0.00000000e+00  0.00000000e+00]
 [ 0.00000000e+00  0.00000000e+00  0.00000000e+00  0.00000000e+00
  -3.35442617e-03  0.00000000e+00  3.08796807e-02 -1.02056207e-02
   2.06690313e-02  0.00000000e+00  0.00000000e+00]
 [ 0.00000000e+00  2.07414330e-03  0.00000000e+00  0.00000000e+00
   3.68905717e-02  0.00000000e+00  2.25571096e-02 -6.00337274e-03
   0.00000000e+00  0.00000000e+00  0.00000000e+00]
 [ 0.00000000e+00  8.84729657e-04  0.00000000e+00  0.00000000e+00
  -9.19698297e-03  0.00000000e+00  1.04926009e-02 -8.62010488e-03
   0.00000000e+00  0.00000000e+00  0.00000000e+00]
 [ 0.00000000e+00  3.77516653e-03  0.00000000e+00  0.00000000e+00
  -9.93513408e-03  0.00000000e+00  9.97878590e-03 -8.98209091e-03
   0.00000000e+00  0.00000000e+00  0.00000000e+00]
 [ 0.00000000e+00  1.87225952e-03  0.00000000e+00  0.00000000e+00
   1.47088973e-02  0.00000000e+00 -1.47684726e-02 -1.21342477e-02
   0.00000000e+00  0.00000000e+00  0.00000000e+00]
 [ 0.00000000e+00  4.41679080e-03  0.00000000e+00  0.00000000e+00
   3.81328001e-02  0.00000000e+00  8.22684815e-03 -1.27356902e-02
   0.00000000e+00  0.00000000e+00  0.00000000e+00]
 [ 0.00000000e+00  5.65768271e-03  0.00000000e+00  0.00000000e+00
   3.02598369e-03  0.00000000e+00  8.30248679e-03 -1.47996978e-02
   0.00000000e+00  0.00000000e+00  0.00000000e+00]
 [ 0.00000000e+00  1.20364284e-03  0.00000000e+00  0.00000000e+00
   3.47210572e-02  0.00000000e+00 -1.03258053e-02 -1.64104635e-02
   0.00000000e+00  0.00000000e+00  0.00000000e+00]
 [ 0.00000000e+00  3.02311893e-03  0.00000000e+00  0.00000000e+00
  -1.02756744e-02  0.00000000e+00  4.21339585e-03 -1.88586774e-02
   0.00000000e+00  0.00000000e+00  0.00000000e+00]
 [ 0.00000000e+00  7.42806976e-04  0.00000000e+00  0.00000000e+00
   1.16942819e-02  0.00000000e+00  2.90244255e-02 -2.20142743e-02
   0.00000000e+00  0.00000000e+00  0.00000000e+00]
 [ 0.00000000e+00  2.03454310e-05  0.00000000e+00  0.00000000e+00
   2.40356890e-02  0.00000000e+00  2.30093689e-02 -2.23636117e-02
   0.00000000e+00  0.00000000e+00  0.00000000e+00]
 [ 0.00000000e+00 -5.24300776e-04  0.00000000e+00  0.00000000e+00
   2.53607166e-02  0.00000000e+00  2.13690651e-02 -2.26987886e-02
   0.00000000e+00  0.00000000e+00  0.00000000e+00]]

....>>>>>....

XXXX-XXXX
Russian Roullette begins >>>


----
[0. 0. 0. 0. 0. 0. 0. 0. 0. 0. 0.]x[ 0.          0.00346229  0.          0.          0.02745604  0.
  0.0279575  -0.02288711  0.          0.          0.        ]---->
[ 0.          0.00412084  0.          0.          0.04546722  0.
  0.00637048 -0.02255145  0.          0.          0.        ]+[ 0.          0.00075453  0.          0.         -0.0032522   0.
  0.02614127 -0.02703383  0.          0.          0.        ]
----


----
[0. 0. 0. 0. 0. 0. 0. 0. 0. 0. 0.]x[ 0.          0.00346229  0.          0.          0.02745604  0.
  0.0279575  -0.02288711  0.          0.          0.        ]---->
[ 0.          0.00363956  0.          0.          0.01958021  0.
  0.00773973 -0.03159808  0.          0.          0.        ]+[ 0.         -0.00016741  0.          0.          0.02472093  0.
  0.0296523  -0.03136075  0.          0.          0.        ]
----


----
[0. 0. 0. 0. 0. 0. 0. 0. 0. 0. 0.]x[ 0.          0.00346229  0.          0.          0.02745604  0.
  0.0279575  -0.02288711  0.          0.          0.        ]---->
[ 0.          0.0055501   0.          0.          0.01415985  0.
  0.01382802 -0.04345627  0.          0.          0.        ]+[ 0.          0.0007725   0.          0.          0.03963932  0.
  0.00959636 -0.0430514   0.          0.          0.        ]
----


----
[0. 0. 0. 0. 0. 0. 0. 0. 0. 0. 0.]x[ 0.          0.00346229  0.          0.          0.02745604  0.
  0.0279575  -0.02288711  0.          0.          0.        ]---->
[ 0.          0.0008202   0.          0.          0.0348146   0.
  0.0129411  -0.02844245  0.          0.          0.        ]+[ 0.          0.00107683  0.          0.          0.00973163  0.
  0.04900991 -0.02687311  0.          0.          0.        ]
----


----
[0. 0. 0. 0. 0. 0. 0. 0. 0. 0. 0.]x[ 0.          0.00346229  0.          0.          0.02745604  0.
  0.0279575  -0.02288711  0.          0.          0.        ]---->
[ 0.         -0.00128561  0.          0.          0.03211455  0.
  0.01785245 -0.02048663  0.          0.          0.        ]+[ 0.00000000e+00  7.50911080e-05  0.00000000e+00  0.00000000e+00
  2.22192523e-03  0.00000000e+00 -1.17624435e-02 -2.68224866e-02
  0.00000000e+00  0.00000000e+00  0.00000000e+00]
----


----
[0. 0. 0. 0. 0. 0. 0. 0. 0. 0. 0.]x[ 0.          0.00346229  0.          0.          0.02745604  0.
  0.0279575  -0.02288711  0.          0.          0.        ]---->
[ 0.          0.00085227  0.          0.          0.0289804   0.
  0.03104884 -0.02463214  0.          0.          0.        ]+[ 0.          0.00362426  0.          0.          0.02335957  0.
 -0.00057856 -0.02344608  0.          0.          0.        ]
----


----
[0. 0. 0. 0. 0. 0. 0. 0. 0. 0. 0.]x[ 0.          0.00346229  0.          0.          0.02745604  0.
  0.0279575  -0.02288711  0.          0.          0.        ]---->
[ 0.00000000e+00  6.14693705e-04  0.00000000e+00  0.00000000e+00
  4.76607906e-02  0.00000000e+00 -7.64116350e-05 -2.78316390e-02
  0.00000000e+00  0.00000000e+00  0.00000000e+00]+[ 0.          0.00367059  0.          0.          0.04251516  0.
 -0.00694365 -0.03676518  0.          0.          0.        ]
----


----
[0. 0. 0. 0. 0. 0. 0. 0. 0. 0. 0.]x[ 0.          0.00346229  0.          0.          0.02745604  0.
  0.0279575  -0.02288711  0.          0.          0.        ]---->
[ 0.          0.00360407  0.          0.          0.00404967  0.
  0.02036174 -0.03978707  0.          0.          0.        ]+[ 0.          0.00040994  0.          0.         -0.00159936  0.
  0.0515266  -0.04142998  0.          0.          0.        ]
----


Roullette Ends
XXXX-XXXX


Errors:>>

XXXXX-----XXXXX
kid: [ 0.          0.00167682  0.          0.          0.04546722  0.
  0.00637048 -0.02255145  0.          0.          0.        ] train error: 1.8169122216615537e+19, validation error: 3.5499456995086283e+19

kid: [ 0.          0.000434    0.          0.         -0.00256523  0.
  0.01275739 -0.02703383  0.          0.          0.        ] train error: 2.6112167641896944e+19, validation error: 5.102094041473355e+19

kid: [ 0.          0.00363956  0.          0.          0.00734321  0.
  0.00773973 -0.03159808  0.          0.          0.        ] train error: 3.567525575720449e+19, validation error: 6.970813689755123e+19

kid: [ 0.00000000e+00 -3.76352219e-05  0.00000000e+00  0.00000000e+00
  1.36745141e-02  0.00000000e+00  2.96522963e-02 -3.13607488e-02
  0.00000000e+00  0.00000000e+00  0.00000000e+00] train error: 3.5141170530191593e+19, validation error: 6.866443886157636e+19

kid: [ 0.          0.0055501   0.          0.          0.01415985  0.
  0.00407495 -0.0140098   0.          0.          0.        ] train error: 7.010576232792801e+18, validation error: 1.369575080248186e+19

kid: [ 0.          0.0007725   0.          0.          0.03535566  0.
  0.00959636 -0.0430514   0.          0.          0.        ] train error: 6.622898073399005e+19, validation error: 1.2941405887764269e+20

kid: [ 0.          0.0008202   0.          0.          0.0348146   0.
  0.0129411  -0.01842946  0.          0.          0.        ] train error: 1.2133148435357278e+19, validation error: 2.37050349877395e+19

kid: [ 0.          0.00105189  0.          0.          0.00973163  0.
  0.04822842 -0.02687311  0.          0.          0.        ] train error: 2.5802376857347187e+19, validation error: 5.041552298477527e+19

kid: [ 0.         -0.00128561  0.          0.          0.03211455  0.
  0.00094293 -0.02048663  0.          0.          0.        ] train error: 1.4993824228251775e+19, validation error: 2.9294851311033872e+19

kid: [ 0.00000000e+00  7.50911080e-05  0.00000000e+00  0.00000000e+00
  1.03221238e-03  0.00000000e+00 -1.17624435e-02 -2.68224866e-02
  0.00000000e+00  0.00000000e+00  0.00000000e+00] train error: 2.570536587206515e+19, validation error: 5.022599674226994e+19

kid: [ 0.          0.00085227  0.          0.          0.0289804   0.
  0.0300466  -0.00697566  0.          0.          0.        ] train error: 1.7368640468154854e+18, validation error: 3.391901084158572e+18

kid: [ 0.          0.00362426  0.          0.          0.02264165  0.
 -0.00024627 -0.02344608  0.          0.          0.        ] train error: 1.963990037376065e+19, validation error: 3.837353078307135e+19

kid: [ 0.00000000e+00  6.14693705e-04  0.00000000e+00  0.00000000e+00
  5.05743755e-02  0.00000000e+00 -7.64116350e-05 -2.78316390e-02
  0.00000000e+00  0.00000000e+00  0.00000000e+00] train error: 2.7675532943279784e+19, validation error: 5.4075635195347984e+19

kid: [ 0.          0.00299815  0.          0.          0.04251516  0.
 -0.00694365 -0.03676518  0.          0.          0.        ] train error: 4.8298039675037426e+19, validation error: 9.437439685017954e+19

kid: [ 0.          0.00028779  0.          0.          0.00404967  0.
  0.02036174 -0.03978707  0.          0.          0.        ] train error: 5.656597607774388e+19, validation error: 1.1053134977748163e+20

XXXXX-----XXXXX

Best of Children: [ 0.          0.0007725   0.          0.          0.03535566  0.
  0.00959636 -0.0430514   0.          0.          0.        ]->2.596065630058955e-06

>>>>>>>>>

GENERATION : 3

Best of Pool:[ 0.00000000e+00  2.03454310e-05  0.00000000e+00  0.00000000e+00
  2.40356890e-02  0.00000000e+00  2.30093689e-02 -2.23636117e-02
  0.00000000e+00  0.00000000e+00  0.00000000e+00]->95.80970212224949
Current Pool:
[[ 0.00000000e+00  0.00000000e+00  0.00000000e+00  0.00000000e+00
   0.00000000e+00  0.00000000e+00  0.00000000e+00  0.00000000e+00
   0.00000000e+00  0.00000000e+00  0.00000000e+00]
 [ 0.00000000e+00  2.07414330e-03  0.00000000e+00  0.00000000e+00
   3.68905717e-02  0.00000000e+00  2.25571096e-02 -6.00337274e-03
   0.00000000e+00  0.00000000e+00  0.00000000e+00]
 [ 0.00000000e+00  8.84729657e-04  0.00000000e+00  0.00000000e+00
  -9.19698297e-03  0.00000000e+00  1.04926009e-02 -8.62010488e-03
   0.00000000e+00  0.00000000e+00  0.00000000e+00]
 [ 0.00000000e+00  3.77516653e-03  0.00000000e+00  0.00000000e+00
  -9.93513408e-03  0.00000000e+00  9.97878590e-03 -8.98209091e-03
   0.00000000e+00  0.00000000e+00  0.00000000e+00]
 [ 0.00000000e+00  8.52265376e-04  0.00000000e+00  0.00000000e+00
   2.89804024e-02  0.00000000e+00  3.00466022e-02 -6.97565861e-03
   0.00000000e+00  0.00000000e+00  0.00000000e+00]
 [ 0.00000000e+00  5.55009942e-03  0.00000000e+00  0.00000000e+00
   1.41598520e-02  0.00000000e+00  4.07494641e-03 -1.40098004e-02
   0.00000000e+00  0.00000000e+00  0.00000000e+00]
 [ 0.00000000e+00  8.20201872e-04  0.00000000e+00  0.00000000e+00
   3.48146028e-02  0.00000000e+00  1.29410996e-02 -1.84294554e-02
   0.00000000e+00  0.00000000e+00  0.00000000e+00]
 [ 0.00000000e+00  1.87225952e-03  0.00000000e+00  0.00000000e+00
   1.47088973e-02  0.00000000e+00 -1.47684726e-02 -1.21342477e-02
   0.00000000e+00  0.00000000e+00  0.00000000e+00]
 [ 0.00000000e+00  4.41679080e-03  0.00000000e+00  0.00000000e+00
   3.81328001e-02  0.00000000e+00  8.22684815e-03 -1.27356902e-02
   0.00000000e+00  0.00000000e+00  0.00000000e+00]
 [ 0.00000000e+00  5.65768271e-03  0.00000000e+00  0.00000000e+00
   3.02598369e-03  0.00000000e+00  8.30248679e-03 -1.47996978e-02
   0.00000000e+00  0.00000000e+00  0.00000000e+00]
 [ 0.00000000e+00  1.20364284e-03  0.00000000e+00  0.00000000e+00
   3.47210572e-02  0.00000000e+00 -1.03258053e-02 -1.64104635e-02
   0.00000000e+00  0.00000000e+00  0.00000000e+00]
 [ 0.00000000e+00  3.02311893e-03  0.00000000e+00  0.00000000e+00
  -1.02756744e-02  0.00000000e+00  4.21339585e-03 -1.88586774e-02
   0.00000000e+00  0.00000000e+00  0.00000000e+00]
 [ 0.00000000e+00 -1.28561199e-03  0.00000000e+00  0.00000000e+00
   3.21145463e-02  0.00000000e+00  9.42925548e-04 -2.04866296e-02
   0.00000000e+00  0.00000000e+00  0.00000000e+00]
 [ 0.00000000e+00  7.42806976e-04  0.00000000e+00  0.00000000e+00
   1.16942819e-02  0.00000000e+00  2.90244255e-02 -2.20142743e-02
   0.00000000e+00  0.00000000e+00  0.00000000e+00]
 [ 0.00000000e+00  2.03454310e-05  0.00000000e+00  0.00000000e+00
   2.40356890e-02  0.00000000e+00  2.30093689e-02 -2.23636117e-02
   0.00000000e+00  0.00000000e+00  0.00000000e+00]]

....>>>>>....

XXXX-XXXX
Russian Roullette begins >>>


----
[0. 0. 0. 0. 0. 0. 0. 0. 0. 0. 0.]x[ 0.          0.00207414  0.          0.          0.03689057  0.
  0.02255711 -0.00600337  0.          0.          0.        ]---->
[ 0.          0.00394263  0.          0.          0.02984103  0.
  0.03868311 -0.0030695   0.          0.          0.        ]+[ 0.          0.00298019  0.          0.         -0.02585598  0.
 -0.00045371 -0.00029019  0.          0.          0.        ]
----


----
[0. 0. 0. 0. 0. 0. 0. 0. 0. 0. 0.]x[ 0.          0.00207414  0.          0.          0.03689057  0.
  0.02255711 -0.00600337  0.          0.          0.        ]---->
[ 0.         -0.00089565  0.          0.          0.03561014  0.
  0.02053071 -0.00158994  0.          0.          0.        ]+[ 0.          0.0018157   0.          0.          0.01062325  0.
  0.02339325 -0.00713694  0.          0.          0.        ]
----


----
[0. 0. 0. 0. 0. 0. 0. 0. 0. 0. 0.]x[ 0.          0.00207414  0.          0.          0.03689057  0.
  0.02255711 -0.00600337  0.          0.          0.        ]---->
[ 0.          0.00307466  0.          0.          0.03462823  0.
  0.00329854 -0.00612687  0.          0.          0.        ]+[ 0.         -0.00041586  0.          0.          0.02505876  0.
  0.02642536 -0.00466641  0.          0.          0.        ]
----


----
[0. 0. 0. 0. 0. 0. 0. 0. 0. 0. 0.]x[ 0.          0.00207414  0.          0.          0.03689057  0.
  0.02255711 -0.00600337  0.          0.          0.        ]---->
[ 0.          0.00050204  0.          0.          0.00538008  0.
  0.02263995 -0.00599253  0.          0.          0.        ]+[ 0.          0.00087204  0.          0.          0.00936105  0.
  0.00268496 -0.00595949  0.          0.          0.        ]
----


----
[0. 0. 0. 0. 0. 0. 0. 0. 0. 0. 0.]x[ 0.          0.00207414  0.          0.          0.03689057  0.
  0.02255711 -0.00600337  0.          0.          0.        ]---->
[ 0.          0.00206949  0.          0.          0.00611756  0.
  0.00313447 -0.00408683  0.          0.          0.        ]+[ 0.         -0.00031511  0.          0.          0.0263753   0.
  0.01014869 -0.0049934   0.          0.          0.        ]
----


----
[0. 0. 0. 0. 0. 0. 0. 0. 0. 0. 0.]x[ 0.          0.00207414  0.          0.          0.03689057  0.
  0.02255711 -0.00600337  0.          0.          0.        ]---->
[ 0.          0.00073641  0.          0.          0.03096308  0.
 -0.00759831 -0.0097245   0.          0.          0.        ]+[ 0.00000000e+00  8.26219839e-05  0.00000000e+00  0.00000000e+00
  4.14497682e-02  0.00000000e+00  2.68629581e-02 -1.04808777e-02
  0.00000000e+00  0.00000000e+00  0.00000000e+00]
----


----
[0. 0. 0. 0. 0. 0. 0. 0. 0. 0. 0.]x[ 0.          0.00207414  0.          0.          0.03689057  0.
  0.02255711 -0.00600337  0.          0.          0.        ]---->
[ 0.         -0.00011763  0.          0.          0.0609571   0.
  0.01085022 -0.01101852  0.          0.          0.        ]+[ 0.          0.00160545  0.          0.         -0.01508903  0.
  0.02414028 -0.01005426  0.          0.          0.        ]
----


----
[0. 0. 0. 0. 0. 0. 0. 0. 0. 0. 0.]x[ 0.          0.00207414  0.          0.          0.03689057  0.
  0.02255711 -0.00600337  0.          0.          0.        ]---->
[ 0.          0.00114438  0.          0.          0.00044147  0.
 -0.00976834 -0.00677309  0.          0.          0.        ]+[ 0.         -0.00133479  0.          0.          0.01015457  0.
 -0.00062658 -0.00366749  0.          0.          0.        ]
----


Roullette Ends
XXXX-XXXX


Errors:>>

XXXXX-----XXXXX
kid: [ 0.          0.00394263  0.          0.          0.02984103  0.
  0.03868311 -0.00167283  0.          0.          0.        ] train error: 9.946782713668181e+16, validation error: 1.9381311012074416e+17

kid: [ 0.00000000e+00  1.61584814e-03  0.00000000e+00  0.00000000e+00
 -2.58559831e-02  0.00000000e+00 -4.53713404e-04 -5.63850962e-05
  0.00000000e+00  0.00000000e+00  0.00000000e+00] train error: 98800448414638.45, validation error: 173989401118130.9

kid: [ 0.         -0.00089565  0.          0.          0.03561014  0.
  0.02053071 -0.00014502  0.          0.          0.        ] train error: 705683359869704.1, validation error: 1328936326275646.5

kid: [ 0.          0.00090682  0.          0.          0.01091731  0.
  0.02339325 -0.00713694  0.          0.          0.        ] train error: 1.818236804740813e+18, validation error: 3.5508926172536187e+18

kid: [ 0.          0.00121562  0.          0.          0.03462823  0.
  0.00329854 -0.00071749  0.          0.          0.        ] train error: 1.8163664255145896e+16, validation error: 3.524992317267217e+16

kid: [ 0.         -0.00038656  0.          0.          0.0104693   0.
  0.02642536 -0.00143501  0.          0.          0.        ] train error: 7.314562702206426e+16, validation error: 1.4245900110115597e+17

kid: [ 0.          0.00050204  0.          0.          0.00538008  0.
  0.02528984 -0.00599253  0.          0.          0.        ] train error: 1.2815892863244111e+18, validation error: 2.5025361928118513e+18

kid: [ 0.          0.00087204  0.          0.          0.00936105  0.
  0.0008576  -0.00595949  0.          0.          0.        ] train error: 1.267473576198067e+18, validation error: 2.474957324844798e+18

kid: [ 0.          0.00055229  0.          0.          0.00611756  0.
  0.00313447 -0.00195377  0.          0.          0.        ] train error: 1.3581750159969746e+17, validation error: 2.647619869090836e+17

kid: [ 0.         -0.00031511  0.          0.          0.01826896  0.
  0.01014869 -0.00101668  0.          0.          0.        ] train error: 3.66177717960058e+16, validation error: 7.121435945222603e+16

kid: [ 0.          0.00073641  0.          0.          0.01152213  0.
 -0.00759831 -0.0006301   0.          0.          0.        ] train error: 1.3991446294594092e+16, validation error: 2.712890989436652e+16

kid: [ 0.00000000e+00  4.49101203e-05  0.00000000e+00  0.00000000e+00
  4.14497682e-02  0.00000000e+00  2.68629581e-02 -6.53427036e-03
  0.00000000e+00  0.00000000e+00  0.00000000e+00] train error: 1.5238340118107236e+18, validation error: 2.975720938212516e+18

kid: [ 0.         -0.00011763  0.          0.          0.0609571   0.
  0.01085022 -0.01101852  0.          0.          0.        ] train error: 4.335421608353011e+18, validation error: 8.468719293349202e+18

kid: [ 0.          0.00160545  0.          0.         -0.01508903  0.
  0.02414028 -0.01005426  0.          0.          0.        ] train error: 3.6099519013289457e+18, validation error: 7.05143249842889e+18

kid: [ 0.00000000e+00  1.15285778e-03  0.00000000e+00  0.00000000e+00
  3.53578466e-05  0.00000000e+00 -9.76834388e-03 -6.77309463e-03
  0.00000000e+00  0.00000000e+00  0.00000000e+00] train error: 1.6375040946439255e+18, validation error: 3.197829877415875e+18

XXXXX-----XXXXX

Best of Children: [ 0.         -0.00011763  0.          0.          0.0609571   0.
  0.01085022 -0.01101852  0.          0.          0.        ]->3.9676188411678245e-05

>>>>>>>>>

GENERATION : 4

Best of Pool:[ 0.00000000e+00  4.49101203e-05  0.00000000e+00  0.00000000e+00
  4.14497682e-02  0.00000000e+00  2.68629581e-02 -6.53427036e-03
  0.00000000e+00  0.00000000e+00  0.00000000e+00]->95.80970212224949
Current Pool:
[[ 0.00000000e+00  0.00000000e+00  0.00000000e+00  0.00000000e+00
   0.00000000e+00  0.00000000e+00  0.00000000e+00  0.00000000e+00
   0.00000000e+00  0.00000000e+00  0.00000000e+00]
 [ 0.00000000e+00  2.07414330e-03  0.00000000e+00  0.00000000e+00
   3.68905717e-02  0.00000000e+00  2.25571096e-02 -6.00337274e-03
   0.00000000e+00  0.00000000e+00  0.00000000e+00]
 [ 0.00000000e+00  8.52265376e-04  0.00000000e+00  0.00000000e+00
   2.89804024e-02  0.00000000e+00  3.00466022e-02 -6.97565861e-03
   0.00000000e+00  0.00000000e+00  0.00000000e+00]
 [ 0.00000000e+00  8.84729657e-04  0.00000000e+00  0.00000000e+00
  -9.19698297e-03  0.00000000e+00  1.04926009e-02 -8.62010488e-03
   0.00000000e+00  0.00000000e+00  0.00000000e+00]
 [ 0.00000000e+00  1.61584814e-03  0.00000000e+00  0.00000000e+00
  -2.58559831e-02  0.00000000e+00 -4.53713404e-04 -5.63850962e-05
   0.00000000e+00  0.00000000e+00  0.00000000e+00]
 [ 0.00000000e+00 -8.95653346e-04  0.00000000e+00  0.00000000e+00
   3.56101351e-02  0.00000000e+00  2.05307086e-02 -1.45018232e-04
   0.00000000e+00  0.00000000e+00  0.00000000e+00]
 [ 0.00000000e+00  7.36409185e-04  0.00000000e+00  0.00000000e+00
   1.15221284e-02  0.00000000e+00 -7.59830931e-03 -6.30095834e-04
   0.00000000e+00  0.00000000e+00  0.00000000e+00]
 [ 0.00000000e+00  1.21562127e-03  0.00000000e+00  0.00000000e+00
   3.46282341e-02  0.00000000e+00  3.29853991e-03 -7.17493486e-04
   0.00000000e+00  0.00000000e+00  0.00000000e+00]
 [ 0.00000000e+00 -3.15111082e-04  0.00000000e+00  0.00000000e+00
   1.82689553e-02  0.00000000e+00  1.01486856e-02 -1.01667889e-03
   0.00000000e+00  0.00000000e+00  0.00000000e+00]
 [ 0.00000000e+00 -3.86561944e-04  0.00000000e+00  0.00000000e+00
   1.04693029e-02  0.00000000e+00  2.64253627e-02 -1.43500618e-03
   0.00000000e+00  0.00000000e+00  0.00000000e+00]
 [ 0.00000000e+00  3.94263407e-03  0.00000000e+00  0.00000000e+00
   2.98410290e-02  0.00000000e+00  3.86831106e-02 -1.67282534e-03
   0.00000000e+00  0.00000000e+00  0.00000000e+00]
 [ 0.00000000e+00  5.52294021e-04  0.00000000e+00  0.00000000e+00
   6.11756387e-03  0.00000000e+00  3.13446845e-03 -1.95377001e-03
   0.00000000e+00  0.00000000e+00  0.00000000e+00]
 [ 0.00000000e+00  8.72043981e-04  0.00000000e+00  0.00000000e+00
   9.36105141e-03  0.00000000e+00  8.57600482e-04 -5.95948884e-03
   0.00000000e+00  0.00000000e+00  0.00000000e+00]
 [ 0.00000000e+00  5.02041895e-04  0.00000000e+00  0.00000000e+00
   5.38008293e-03  0.00000000e+00  2.52898435e-02 -5.99252549e-03
   0.00000000e+00  0.00000000e+00  0.00000000e+00]
 [ 0.00000000e+00  4.49101203e-05  0.00000000e+00  0.00000000e+00
   4.14497682e-02  0.00000000e+00  2.68629581e-02 -6.53427036e-03
   0.00000000e+00  0.00000000e+00  0.00000000e+00]]

....>>>>>....

XXXX-XXXX
Russian Roullette begins >>>


----
[0. 0. 0. 0. 0. 0. 0. 0. 0. 0. 0.]x[ 0.          0.00207414  0.          0.          0.03689057  0.
  0.02255711 -0.00600337  0.          0.          0.        ]---->
[ 0.          0.00138883  0.          0.          0.05574256  0.
 -0.00275217 -0.00833983  0.          0.          0.        ]+[ 0.         -0.00068096  0.          0.         -0.00875015  0.
 -0.00524441 -0.00593329  0.          0.          0.        ]
----


----
[0. 0. 0. 0. 0. 0. 0. 0. 0. 0. 0.]x[ 0.          0.00207414  0.          0.          0.03689057  0.
  0.02255711 -0.00600337  0.          0.          0.        ]---->
[ 0.          0.00175302  0.          0.          0.00456096  0.
  0.02897071 -0.00567432  0.          0.          0.        ]+[ 0.          0.00224946  0.          0.         -0.01016548  0.
  0.0025501  -0.00590034  0.          0.          0.        ]
----


----
[0. 0. 0. 0. 0. 0. 0. 0. 0. 0. 0.]x[ 0.          0.00207414  0.          0.          0.03689057  0.
  0.02255711 -0.00600337  0.          0.          0.        ]---->
[ 0.          0.00214401  0.          0.         -0.01945072  0.
  0.02365969 -0.00480212  0.          0.          0.        ]+[ 0.          0.00178987  0.          0.         -0.03573278  0.
  0.03894223 -0.00127173  0.          0.          0.        ]
----


----
[0. 0. 0. 0. 0. 0. 0. 0. 0. 0. 0.]x[ 0.          0.00207414  0.          0.          0.03689057  0.
  0.02255711 -0.00600337  0.          0.          0.        ]---->
[ 0.          0.00068643  0.          0.          0.03743663  0.
  0.02962177 -0.00705741  0.          0.          0.        ]+[ 0.          0.00156289  0.          0.          0.00274256  0.
  0.01588071 -0.00706821  0.          0.          0.        ]
----


----
[0. 0. 0. 0. 0. 0. 0. 0. 0. 0. 0.]x[ 0.          0.00207414  0.          0.          0.03689057  0.
  0.02255711 -0.00600337  0.          0.          0.        ]---->
[ 0.         -0.00156652  0.          0.         -0.01705114  0.
  0.03686534 -0.00099254  0.          0.          0.        ]+[ 0.          0.00062569  0.          0.         -0.01900909  0.
 -0.00579725 -0.00199555  0.          0.          0.        ]
----


----
[0. 0. 0. 0. 0. 0. 0. 0. 0. 0. 0.]x[ 0.          0.00207414  0.          0.          0.03689057  0.
  0.02255711 -0.00600337  0.          0.          0.        ]---->
[ 0.          0.00143962  0.          0.          0.02992375  0.
  0.01350776 -0.00656356  0.          0.          0.        ]+[ 0.          0.00201132  0.          0.          0.00750361  0.
  0.0267326  -0.00734854  0.          0.          0.        ]
----


----
[0. 0. 0. 0. 0. 0. 0. 0. 0. 0. 0.]x[ 0.          0.00207414  0.          0.          0.03689057  0.
  0.02255711 -0.00600337  0.          0.          0.        ]---->
[ 0.         -0.00016743  0.          0.          0.01660345  0.
  0.01077348 -0.00869206  0.          0.          0.        ]+[ 0.          0.00124149  0.          0.          0.03750796  0.
  0.0131774  -0.00814952  0.          0.          0.        ]
----


----
[0. 0. 0. 0. 0. 0. 0. 0. 0. 0. 0.]x[ 0.          0.00207414  0.          0.          0.03689057  0.
  0.02255711 -0.00600337  0.          0.          0.        ]---->
[ 0.          0.00054185  0.          0.          0.00888971  0.
 -0.00321277 -0.00655573  0.          0.          0.        ]+[ 0.          0.0007821   0.          0.          0.01814418  0.
  0.00733483 -0.00769014  0.          0.          0.        ]
----


Roullette Ends
XXXX-XXXX


Errors:>>

XXXXX-----XXXXX
kid: [ 0.          0.00073351  0.          0.          0.05574256  0.
 -0.00298905 -0.00738255  0.          0.          0.        ] train error: 1.945423007054409e+18, validation error: 3.799305658894758e+18

kid: [ 0.         -0.00068096  0.          0.         -0.00077631  0.
 -0.00524441 -0.00593329  0.          0.          0.        ] train error: 1.2563819491878536e+18, validation error: 2.453300961162501e+18

kid: [ 0.          0.00175302  0.          0.          0.00281358  0.
  0.02897071 -0.00567432  0.          0.          0.        ] train error: 1.1490119632359585e+18, validation error: 2.2435554130283628e+18

kid: [ 0.          0.00166753  0.          0.         -0.01016548  0.
  0.0025501  -0.00590034  0.          0.          0.        ] train error: 1.2424850866995945e+18, validation error: 2.426163814751366e+18

kid: [ 0.          0.00214401  0.          0.         -0.01945072  0.
  0.02365969 -0.00142332  0.          0.          0.        ] train error: 7.1979354779525336e+16, validation error: 1.4019135026479944e+17

kid: [ 0.          0.00079428  0.          0.         -0.03573278  0.
  0.03754417 -0.00127173  0.          0.          0.        ] train error: 5.743526731207898e+16, validation error: 1.1182264617781754e+17

kid: [ 0.          0.00068643  0.          0.          0.01559011  0.
  0.02962177 -0.00705741  0.          0.          0.        ] train error: 1.77789394194391e+18, validation error: 3.472073145632644e+18

kid: [ 0.          0.00062201  0.          0.          0.00274256  0.
  0.01588071 -0.00159027  0.          0.          0.        ] train error: 8.989130418031792e+16, validation error: 1.7513401596932502e+17

kid: [ 0.         -0.00156652  0.          0.         -0.01918162  0.
  0.00163265 -0.00099254  0.          0.          0.        ] train error: 3.4913489637639656e+16, validation error: 6.7898583556930536e+16

kid: [ 0.          0.00062878  0.          0.         -0.01900909  0.
 -0.00579725 -0.00199555  0.          0.          0.        ] train error: 1.417304879791819e+17, validation error: 2.7631232162311405e+17

kid: [ 0.00000000e+00  1.43962223e-03  0.00000000e+00  0.00000000e+00
  3.53623197e-02  0.00000000e+00  8.96529225e-05 -6.56356345e-03
  0.00000000e+00  0.00000000e+00  0.00000000e+00] train error: 1.5375600701477276e+18, validation error: 3.002542293668844e+18

kid: [ 0.          0.00035836  0.          0.          0.00608952  0.
  0.01361751 -0.00734854  0.          0.          0.        ] train error: 1.9277380426554301e+18, validation error: 3.7648214080090235e+18

kid: [ 0.         -0.00016743  0.          0.          0.01660345  0.
  0.00514511 -0.00868424  0.          0.          0.        ] train error: 2.6926625937126067e+18, validation error: 5.25921711469005e+18

kid: [ 0.          0.00124149  0.          0.          0.03750796  0.
  0.00033123 -0.00814952  0.          0.          0.        ] train error: 2.371015163728384e+18, validation error: 4.630784947961429e+18

kid: [ 0.          0.00054185  0.          0.          0.00888971  0.
 -0.00014576 -0.00655573  0.          0.          0.        ] train error: 1.5339905877248788e+18, validation error: 2.995600199704389e+18

XXXXX-----XXXXX

Best of Children: [ 0.         -0.00016743  0.          0.          0.01660345  0.
  0.00514511 -0.00868424  0.          0.          0.        ]->6.389146313970518e-05

>>>>>>>>>

GENERATION : 5

Best of Pool:[ 0.          0.00175302  0.          0.          0.00281358  0.
  0.02897071 -0.00567432  0.          0.          0.        ]->95.80970212224949
Current Pool:
[[ 0.00000000e+00  0.00000000e+00  0.00000000e+00  0.00000000e+00
   0.00000000e+00  0.00000000e+00  0.00000000e+00  0.00000000e+00
   0.00000000e+00  0.00000000e+00  0.00000000e+00]
 [ 0.00000000e+00  1.61584814e-03  0.00000000e+00  0.00000000e+00
  -2.58559831e-02  0.00000000e+00 -4.53713404e-04 -5.63850962e-05
   0.00000000e+00  0.00000000e+00  0.00000000e+00]
 [ 0.00000000e+00 -8.95653346e-04  0.00000000e+00  0.00000000e+00
   3.56101351e-02  0.00000000e+00  2.05307086e-02 -1.45018232e-04
   0.00000000e+00  0.00000000e+00  0.00000000e+00]
 [ 0.00000000e+00  7.36409185e-04  0.00000000e+00  0.00000000e+00
   1.15221284e-02  0.00000000e+00 -7.59830931e-03 -6.30095834e-04
   0.00000000e+00  0.00000000e+00  0.00000000e+00]
 [ 0.00000000e+00 -1.56651894e-03  0.00000000e+00  0.00000000e+00
  -1.91816199e-02  0.00000000e+00  1.63265245e-03 -9.92543287e-04
   0.00000000e+00  0.00000000e+00  0.00000000e+00]
 [ 0.00000000e+00  7.94278663e-04  0.00000000e+00  0.00000000e+00
  -3.57327820e-02  0.00000000e+00  3.75441674e-02 -1.27172827e-03
   0.00000000e+00  0.00000000e+00  0.00000000e+00]
 [ 0.00000000e+00  2.14400678e-03  0.00000000e+00  0.00000000e+00
  -1.94507152e-02  0.00000000e+00  2.36596867e-02 -1.42331570e-03
   0.00000000e+00  0.00000000e+00  0.00000000e+00]
 [ 0.00000000e+00  1.21562127e-03  0.00000000e+00  0.00000000e+00
   3.46282341e-02  0.00000000e+00  3.29853991e-03 -7.17493486e-04
   0.00000000e+00  0.00000000e+00  0.00000000e+00]
 [ 0.00000000e+00 -3.15111082e-04  0.00000000e+00  0.00000000e+00
   1.82689553e-02  0.00000000e+00  1.01486856e-02 -1.01667889e-03
   0.00000000e+00  0.00000000e+00  0.00000000e+00]
 [ 0.00000000e+00 -3.86561944e-04  0.00000000e+00  0.00000000e+00
   1.04693029e-02  0.00000000e+00  2.64253627e-02 -1.43500618e-03
   0.00000000e+00  0.00000000e+00  0.00000000e+00]
 [ 0.00000000e+00  6.22007208e-04  0.00000000e+00  0.00000000e+00
   2.74255918e-03  0.00000000e+00  1.58807080e-02 -1.59026872e-03
   0.00000000e+00  0.00000000e+00  0.00000000e+00]
 [ 0.00000000e+00  3.94263407e-03  0.00000000e+00  0.00000000e+00
   2.98410290e-02  0.00000000e+00  3.86831106e-02 -1.67282534e-03
   0.00000000e+00  0.00000000e+00  0.00000000e+00]
 [ 0.00000000e+00  5.52294021e-04  0.00000000e+00  0.00000000e+00
   6.11756387e-03  0.00000000e+00  3.13446845e-03 -1.95377001e-03
   0.00000000e+00  0.00000000e+00  0.00000000e+00]
 [ 0.00000000e+00  6.28783859e-04  0.00000000e+00  0.00000000e+00
  -1.90090887e-02  0.00000000e+00 -5.79724583e-03 -1.99555089e-03
   0.00000000e+00  0.00000000e+00  0.00000000e+00]
 [ 0.00000000e+00  1.75302118e-03  0.00000000e+00  0.00000000e+00
   2.81358103e-03  0.00000000e+00  2.89707102e-02 -5.67432280e-03
   0.00000000e+00  0.00000000e+00  0.00000000e+00]]

....>>>>>....

XXXX-XXXX
Russian Roullette begins >>>


----
[0. 0. 0. 0. 0. 0. 0. 0. 0. 0. 0.]x[ 0.00000000e+00  1.61584814e-03  0.00000000e+00  0.00000000e+00
 -2.58559831e-02  0.00000000e+00 -4.53713404e-04 -5.63850962e-05
  0.00000000e+00  0.00000000e+00  0.00000000e+00]---->
[ 0.00000000e+00  3.22397984e-04  0.00000000e+00  0.00000000e+00
 -1.84583927e-02  0.00000000e+00 -4.30881514e-04 -4.29606389e-05
  0.00000000e+00  0.00000000e+00  0.00000000e+00]+[ 0.00000000e+00  2.34506941e-05  0.00000000e+00  0.00000000e+00
 -2.53407141e-02  0.00000000e+00 -3.83411615e-04 -5.23325712e-05
  0.00000000e+00  0.00000000e+00  0.00000000e+00]
----


----
[0. 0. 0. 0. 0. 0. 0. 0. 0. 0. 0.]x[ 0.00000000e+00  1.61584814e-03  0.00000000e+00  0.00000000e+00
 -2.58559831e-02  0.00000000e+00 -4.53713404e-04 -5.63850962e-05
  0.00000000e+00  0.00000000e+00  0.00000000e+00]---->
[ 0.00000000e+00  3.00926649e-04  0.00000000e+00  0.00000000e+00
 -1.69310750e-02  0.00000000e+00 -3.97583452e-04 -6.66550431e-05
  0.00000000e+00  0.00000000e+00  0.00000000e+00]+[ 0.00000000e+00  7.90241946e-05  0.00000000e+00  0.00000000e+00
 -2.32639515e-02  0.00000000e+00 -4.89788361e-04 -7.02092055e-05
  0.00000000e+00  0.00000000e+00  0.00000000e+00]
----


----
[0. 0. 0. 0. 0. 0. 0. 0. 0. 0. 0.]x[ 0.00000000e+00  1.61584814e-03  0.00000000e+00  0.00000000e+00
 -2.58559831e-02  0.00000000e+00 -4.53713404e-04 -5.63850962e-05
  0.00000000e+00  0.00000000e+00  0.00000000e+00]---->
[ 0.          0.00021587  0.          0.         -0.01468451  0.
 -0.00052992 -0.00010555  0.          0.          0.        ]+[ 0.00000000e+00  2.39543400e-03  0.00000000e+00  0.00000000e+00
 -2.87022594e-02  0.00000000e+00 -4.26178238e-04 -7.59235115e-05
  0.00000000e+00  0.00000000e+00  0.00000000e+00]
----


----
[0. 0. 0. 0. 0. 0. 0. 0. 0. 0. 0.]x[ 0.00000000e+00  1.61584814e-03  0.00000000e+00  0.00000000e+00
 -2.58559831e-02  0.00000000e+00 -4.53713404e-04 -5.63850962e-05
  0.00000000e+00  0.00000000e+00  0.00000000e+00]---->
[ 0.00000000e+00  5.54521044e-04  0.00000000e+00  0.00000000e+00
 -2.50902908e-02  0.00000000e+00 -4.39656998e-04 -5.76598551e-05
  0.00000000e+00  0.00000000e+00  0.00000000e+00]+[ 0.00000000e+00  1.18237906e-03  0.00000000e+00  0.00000000e+00
 -2.53818685e-02  0.00000000e+00 -4.51935131e-04 -5.84493423e-05
  0.00000000e+00  0.00000000e+00  0.00000000e+00]
----


----
[0. 0. 0. 0. 0. 0. 0. 0. 0. 0. 0.]x[ 0.00000000e+00  1.61584814e-03  0.00000000e+00  0.00000000e+00
 -2.58559831e-02  0.00000000e+00 -4.53713404e-04 -5.63850962e-05
  0.00000000e+00  0.00000000e+00  0.00000000e+00]---->
[ 0.00000000e+00  1.02709908e-03  0.00000000e+00  0.00000000e+00
 -3.36543016e-02  0.00000000e+00 -4.06224845e-04 -3.90621090e-05
  0.00000000e+00  0.00000000e+00  0.00000000e+00]+[ 0.00000000e+00  1.16913995e-03  0.00000000e+00  0.00000000e+00
 -7.50596123e-03  0.00000000e+00 -2.28074546e-04 -3.07611148e-05
  0.00000000e+00  0.00000000e+00  0.00000000e+00]
----


----
[0. 0. 0. 0. 0. 0. 0. 0. 0. 0. 0.]x[ 0.00000000e+00  1.61584814e-03  0.00000000e+00  0.00000000e+00
 -2.58559831e-02  0.00000000e+00 -4.53713404e-04 -5.63850962e-05
  0.00000000e+00  0.00000000e+00  0.00000000e+00]---->
[ 0.00000000e+00  1.06978589e-03  0.00000000e+00  0.00000000e+00
 -6.16382029e-03  0.00000000e+00 -3.49103240e-04 -3.36896630e-05
  0.00000000e+00  0.00000000e+00  0.00000000e+00]+[ 0.00000000e+00  2.10033029e-03  0.00000000e+00  0.00000000e+00
 -2.18991956e-02  0.00000000e+00 -3.94867120e-04 -1.42061118e-05
  0.00000000e+00  0.00000000e+00  0.00000000e+00]
----


----
[0. 0. 0. 0. 0. 0. 0. 0. 0. 0. 0.]x[ 0.00000000e+00  1.61584814e-03  0.00000000e+00  0.00000000e+00
 -2.58559831e-02  0.00000000e+00 -4.53713404e-04 -5.63850962e-05
  0.00000000e+00  0.00000000e+00  0.00000000e+00]---->
[ 0.00000000e+00  1.48209447e-03  0.00000000e+00  0.00000000e+00
 -2.87594092e-02  0.00000000e+00 -4.46216799e-04 -5.47021391e-05
  0.00000000e+00  0.00000000e+00  0.00000000e+00]+[ 0.00000000e+00  1.47589727e-03  0.00000000e+00  0.00000000e+00
 -2.98086462e-02  0.00000000e+00 -4.46975353e-04 -6.19847848e-05
  0.00000000e+00  0.00000000e+00  0.00000000e+00]
----


----
[0. 0. 0. 0. 0. 0. 0. 0. 0. 0. 0.]x[ 0.00000000e+00  1.61584814e-03  0.00000000e+00  0.00000000e+00
 -2.58559831e-02  0.00000000e+00 -4.53713404e-04 -5.63850962e-05
  0.00000000e+00  0.00000000e+00  0.00000000e+00]---->
[ 0.00000000e+00  8.19202292e-04  0.00000000e+00  0.00000000e+00
 -1.25933620e-02  0.00000000e+00 -2.25712999e-04 -4.90168286e-05
  0.00000000e+00  0.00000000e+00  0.00000000e+00]+[ 0.00000000e+00 -5.94746613e-04  0.00000000e+00  0.00000000e+00
 -2.58741785e-02  0.00000000e+00 -1.96122959e-04 -2.84218935e-05
  0.00000000e+00  0.00000000e+00  0.00000000e+00]
----


Roullette Ends
XXXX-XXXX


Errors:>>

XXXXX-----XXXXX
kid: [ 0.00000000e+00  3.22397984e-04  0.00000000e+00  0.00000000e+00
 -1.84583927e-02  0.00000000e+00 -6.02273467e-05 -4.29606389e-05
  0.00000000e+00  0.00000000e+00  0.00000000e+00] train error: 54971428556990.35, validation error: 92742958448132.75

kid: [ 0.00000000e+00  1.82526115e-05  0.00000000e+00  0.00000000e+00
 -6.67309384e-03  0.00000000e+00 -3.83411615e-04 -5.23325712e-05
  0.00000000e+00  0.00000000e+00  0.00000000e+00] train error: 83770949281917.44, validation error: 145785964788922.3

kid: [ 0.00000000e+00  6.82634285e-05  0.00000000e+00  0.00000000e+00
 -1.69310750e-02  0.00000000e+00 -3.97583452e-04 -2.17214661e-06
  0.00000000e+00  0.00000000e+00  0.00000000e+00] train error: 1463074743571.8975, validation error: 1789319378350.8296

kid: [ 0.00000000e+00  4.31270469e-05  0.00000000e+00  0.00000000e+00
 -2.32639515e-02  0.00000000e+00 -4.89788361e-04 -1.10555569e-05
  0.00000000e+00  0.00000000e+00  0.00000000e+00] train error: 2990636907099.7607, validation error: 1819240914192.275

kid: [ 0.          0.00023224  0.          0.         -0.01468451  0.
 -0.00052992 -0.00010555  0.          0.          0.        ] train error: 368160292643958.9, validation error: 683829909878144.1

kid: [ 0.00000000e+00  2.39543400e-03  0.00000000e+00  0.00000000e+00
 -6.40596178e-03  0.00000000e+00 -3.03168522e-04 -7.59235115e-05
  0.00000000e+00  0.00000000e+00  0.00000000e+00] train error: 184638415864050.3, validation error: 334979016892660.56

kid: [ 0.00000000e+00  1.00181504e-04  0.00000000e+00  0.00000000e+00
 -2.50902908e-02  0.00000000e+00 -4.39656998e-04 -5.76598551e-05
  0.00000000e+00  0.00000000e+00  0.00000000e+00] train error: 103596264540514.86, validation error: 182929933029014.44

kid: [ 0.00000000e+00  4.46168988e-04  0.00000000e+00  0.00000000e+00
 -2.53818685e-02  0.00000000e+00 -4.51935131e-04 -6.29005062e-05
  0.00000000e+00  0.00000000e+00  0.00000000e+00] train error: 124629074327898.67, validation error: 222293559503794.12

kid: [ 0.00000000e+00  1.02709908e-03  0.00000000e+00  0.00000000e+00
 -3.36543016e-02  0.00000000e+00 -2.70534861e-05 -3.28824900e-05
  0.00000000e+00  0.00000000e+00  0.00000000e+00] train error: 30903218691808.4, validation error: 49161069438014.01

kid: [ 0.00000000e+00  1.16913995e-03  0.00000000e+00  0.00000000e+00
 -7.50596123e-03  0.00000000e+00 -2.28074546e-04 -1.33325133e-05
  0.00000000e+00  0.00000000e+00  0.00000000e+00] train error: 4249935235380.142, validation error: 3484244554255.956

kid: [ 0.00000000e+00  1.06978589e-03  0.00000000e+00  0.00000000e+00
 -5.68446932e-03  0.00000000e+00 -3.49103240e-04 -3.36896630e-05
  0.00000000e+00  0.00000000e+00  0.00000000e+00] train error: 32178268748497.24, validation error: 51217029575242.44

kid: [ 0.00000000e+00  2.39587574e-03  0.00000000e+00  0.00000000e+00
 -2.18991956e-02  0.00000000e+00 -3.94867120e-04 -1.38777942e-05
  0.00000000e+00  0.00000000e+00  0.00000000e+00] train error: 4659144817011.357, validation error: 4136811498884.345

kid: [ 0.00000000e+00  1.48209447e-03  0.00000000e+00  0.00000000e+00
 -8.76571708e-03  0.00000000e+00 -4.28324405e-04 -5.47021391e-05
  0.00000000e+00  0.00000000e+00  0.00000000e+00] train error: 92161978833931.9, validation error: 161408693460900.72

kid: [ 0.00000000e+00  1.47589727e-03  0.00000000e+00  0.00000000e+00
 -1.83414475e-03  0.00000000e+00 -4.46975353e-04 -6.19847848e-05
  0.00000000e+00  0.00000000e+00  0.00000000e+00] train error: 120087491957990.47, validation error: 213461990156741.47

kid: [ 0.00000000e+00  8.19202292e-04  0.00000000e+00  0.00000000e+00
 -1.64246793e-03  0.00000000e+00 -2.27983637e-04 -4.90168286e-05
  0.00000000e+00  0.00000000e+00  0.00000000e+00] train error: 72663678970928.55, validation error: 125149202191943.05

XXXXX-----XXXXX

Best of Children: [ 0.          0.00023224  0.          0.         -0.01468451  0.
 -0.00052992 -0.00010555  0.          0.          0.        ]->0.5002503617430999

>>>>>>>>>

GENERATION : 6

Best of Pool:[ 0.00000000e+00  1.00181504e-04  0.00000000e+00  0.00000000e+00
 -2.50902908e-02  0.00000000e+00 -4.39656998e-04 -5.76598551e-05
  0.00000000e+00  0.00000000e+00  0.00000000e+00]->236.3435929600168
Current Pool:
[[ 0.00000000e+00  0.00000000e+00  0.00000000e+00  0.00000000e+00
   0.00000000e+00  0.00000000e+00  0.00000000e+00  0.00000000e+00
   0.00000000e+00  0.00000000e+00  0.00000000e+00]
 [ 0.00000000e+00  1.61584814e-03  0.00000000e+00  0.00000000e+00
  -2.58559831e-02  0.00000000e+00 -4.53713404e-04 -5.63850962e-05
   0.00000000e+00  0.00000000e+00  0.00000000e+00]
 [ 0.00000000e+00 -8.95653346e-04  0.00000000e+00  0.00000000e+00
   3.56101351e-02  0.00000000e+00  2.05307086e-02 -1.45018232e-04
   0.00000000e+00  0.00000000e+00  0.00000000e+00]
 [ 0.00000000e+00  7.36409185e-04  0.00000000e+00  0.00000000e+00
   1.15221284e-02  0.00000000e+00 -7.59830931e-03 -6.30095834e-04
   0.00000000e+00  0.00000000e+00  0.00000000e+00]
 [ 0.00000000e+00  6.82634285e-05  0.00000000e+00  0.00000000e+00
  -1.69310750e-02  0.00000000e+00 -3.97583452e-04 -2.17214661e-06
   0.00000000e+00  0.00000000e+00  0.00000000e+00]
 [ 0.00000000e+00  4.31270469e-05  0.00000000e+00  0.00000000e+00
  -2.32639515e-02  0.00000000e+00 -4.89788361e-04 -1.10555569e-05
   0.00000000e+00  0.00000000e+00  0.00000000e+00]
 [ 0.00000000e+00  1.16913995e-03  0.00000000e+00  0.00000000e+00
  -7.50596123e-03  0.00000000e+00 -2.28074546e-04 -1.33325133e-05
   0.00000000e+00  0.00000000e+00  0.00000000e+00]
 [ 0.00000000e+00  2.39587574e-03  0.00000000e+00  0.00000000e+00
  -2.18991956e-02  0.00000000e+00 -3.94867120e-04 -1.38777942e-05
   0.00000000e+00  0.00000000e+00  0.00000000e+00]
 [ 0.00000000e+00  1.02709908e-03  0.00000000e+00  0.00000000e+00
  -3.36543016e-02  0.00000000e+00 -2.70534861e-05 -3.28824900e-05
   0.00000000e+00  0.00000000e+00  0.00000000e+00]
 [ 0.00000000e+00  1.06978589e-03  0.00000000e+00  0.00000000e+00
  -5.68446932e-03  0.00000000e+00 -3.49103240e-04 -3.36896630e-05
   0.00000000e+00  0.00000000e+00  0.00000000e+00]
 [ 0.00000000e+00  3.22397984e-04  0.00000000e+00  0.00000000e+00
  -1.84583927e-02  0.00000000e+00 -6.02273467e-05 -4.29606389e-05
   0.00000000e+00  0.00000000e+00  0.00000000e+00]
 [ 0.00000000e+00  8.19202292e-04  0.00000000e+00  0.00000000e+00
  -1.64246793e-03  0.00000000e+00 -2.27983637e-04 -4.90168286e-05
   0.00000000e+00  0.00000000e+00  0.00000000e+00]
 [ 0.00000000e+00  1.82526115e-05  0.00000000e+00  0.00000000e+00
  -6.67309384e-03  0.00000000e+00 -3.83411615e-04 -5.23325712e-05
   0.00000000e+00  0.00000000e+00  0.00000000e+00]
 [ 0.00000000e+00  1.48209447e-03  0.00000000e+00  0.00000000e+00
  -8.76571708e-03  0.00000000e+00 -4.28324405e-04 -5.47021391e-05
   0.00000000e+00  0.00000000e+00  0.00000000e+00]
 [ 0.00000000e+00  1.00181504e-04  0.00000000e+00  0.00000000e+00
  -2.50902908e-02  0.00000000e+00 -4.39656998e-04 -5.76598551e-05
   0.00000000e+00  0.00000000e+00  0.00000000e+00]]

....>>>>>....

XXXX-XXXX
Russian Roullette begins >>>


----
[ 0.00000000e+00  6.82634285e-05  0.00000000e+00  0.00000000e+00
 -1.69310750e-02  0.00000000e+00 -3.97583452e-04 -2.17214661e-06
  0.00000000e+00  0.00000000e+00  0.00000000e+00]x[ 0.00000000e+00  1.06978589e-03  0.00000000e+00  0.00000000e+00
 -5.68446932e-03  0.00000000e+00 -3.49103240e-04 -3.36896630e-05
  0.00000000e+00  0.00000000e+00  0.00000000e+00]---->
[ 0.00000000e+00  8.07508210e-04  0.00000000e+00  0.00000000e+00
 -7.54865766e-03  0.00000000e+00 -3.55040649e-04 -4.11706628e-05
  0.00000000e+00  0.00000000e+00  0.00000000e+00]+[ 0.00000000e+00  1.26843504e-03  0.00000000e+00  0.00000000e+00
 -2.51609814e-03  0.00000000e+00 -3.65700818e-04 -1.32215947e-05
  0.00000000e+00  0.00000000e+00  0.00000000e+00]
----


----
[ 0.00000000e+00  1.16913995e-03  0.00000000e+00  0.00000000e+00
 -7.50596123e-03  0.00000000e+00 -2.28074546e-04 -1.33325133e-05
  0.00000000e+00  0.00000000e+00  0.00000000e+00]x[ 0.00000000e+00  2.39587574e-03  0.00000000e+00  0.00000000e+00
 -2.18991956e-02  0.00000000e+00 -3.94867120e-04 -1.38777942e-05
  0.00000000e+00  0.00000000e+00  0.00000000e+00]---->
[ 0.00000000e+00  2.53098297e-03  0.00000000e+00  0.00000000e+00
 -3.21561022e-02  0.00000000e+00 -4.75754587e-04 -1.40541078e-05
  0.00000000e+00  0.00000000e+00  0.00000000e+00]+[ 0.00000000e+00  3.11111057e-03  0.00000000e+00  0.00000000e+00
 -2.63948962e-02  0.00000000e+00 -3.82565236e-04 -1.39805287e-05
  0.00000000e+00  0.00000000e+00  0.00000000e+00]
----


----
[ 0.00000000e+00  4.31270469e-05  0.00000000e+00  0.00000000e+00
 -2.32639515e-02  0.00000000e+00 -4.89788361e-04 -1.10555569e-05
  0.00000000e+00  0.00000000e+00  0.00000000e+00]x[ 0.00000000e+00  1.16913995e-03  0.00000000e+00  0.00000000e+00
 -7.50596123e-03  0.00000000e+00 -2.28074546e-04 -1.33325133e-05
  0.00000000e+00  0.00000000e+00  0.00000000e+00]---->
[ 0.00000000e+00  1.08981222e-03  0.00000000e+00  0.00000000e+00
 -1.42204587e-02  0.00000000e+00 -3.89574083e-04 -1.52792983e-05
  0.00000000e+00  0.00000000e+00  0.00000000e+00]+[ 0.00000000e+00  8.10262193e-04  0.00000000e+00  0.00000000e+00
 -1.87015258e-02  0.00000000e+00 -3.56284197e-04 -1.50070764e-05
  0.00000000e+00  0.00000000e+00  0.00000000e+00]
----


----
[ 0.00000000e+00  2.39587574e-03  0.00000000e+00  0.00000000e+00
 -2.18991956e-02  0.00000000e+00 -3.94867120e-04 -1.38777942e-05
  0.00000000e+00  0.00000000e+00  0.00000000e+00]x[0. 0. 0. 0. 0. 0. 0. 0. 0. 0. 0.]---->
[ 0.00000000e+00  6.33825902e-04  0.00000000e+00  0.00000000e+00
 -2.70340323e-02  0.00000000e+00 -5.95125230e-04 -1.61922904e-05
  0.00000000e+00  0.00000000e+00  0.00000000e+00]+[ 0.00000000e+00  1.18529376e-03  0.00000000e+00  0.00000000e+00
 -3.07355463e-02  0.00000000e+00 -5.03392880e-04 -1.10177805e-06
  0.00000000e+00  0.00000000e+00  0.00000000e+00]
----


----
[ 0.00000000e+00  6.82634285e-05  0.00000000e+00  0.00000000e+00
 -1.69310750e-02  0.00000000e+00 -3.97583452e-04 -2.17214661e-06
  0.00000000e+00  0.00000000e+00  0.00000000e+00]x[ 0.00000000e+00  4.31270469e-05  0.00000000e+00  0.00000000e+00
 -2.32639515e-02  0.00000000e+00 -4.89788361e-04 -1.10555569e-05
  0.00000000e+00  0.00000000e+00  0.00000000e+00]---->
[ 0.00000000e+00  3.32788043e-05  0.00000000e+00  0.00000000e+00
 -2.40545656e-02  0.00000000e+00 -4.82603196e-04 -1.05657940e-05
  0.00000000e+00  0.00000000e+00  0.00000000e+00]+[ 0.00000000e+00  4.09284260e-05  0.00000000e+00  0.00000000e+00
 -2.13203883e-02  0.00000000e+00 -4.57791957e-04 -1.37207874e-05
  0.00000000e+00  0.00000000e+00  0.00000000e+00]
----


----
[ 0.00000000e+00  1.16913995e-03  0.00000000e+00  0.00000000e+00
 -7.50596123e-03  0.00000000e+00 -2.28074546e-04 -1.33325133e-05
  0.00000000e+00  0.00000000e+00  0.00000000e+00]x[0. 0. 0. 0. 0. 0. 0. 0. 0. 0. 0.]---->
[ 0.00000000e+00  1.36574540e-04  0.00000000e+00  0.00000000e+00
 -4.23064582e-03  0.00000000e+00 -2.72722731e-04 -1.60803066e-05
  0.00000000e+00  0.00000000e+00  0.00000000e+00]+[ 0.00000000e+00 -3.80918559e-05  0.00000000e+00  0.00000000e+00
  5.76189943e-03  0.00000000e+00  1.58264934e-04  6.67284161e-06
  0.00000000e+00  0.00000000e+00  0.00000000e+00]
----


----
[ 0.00000000e+00  6.82634285e-05  0.00000000e+00  0.00000000e+00
 -1.69310750e-02  0.00000000e+00 -3.97583452e-04 -2.17214661e-06
  0.00000000e+00  0.00000000e+00  0.00000000e+00]x[ 0.00000000e+00  1.06978589e-03  0.00000000e+00  0.00000000e+00
 -5.68446932e-03  0.00000000e+00 -3.49103240e-04 -3.36896630e-05
  0.00000000e+00  0.00000000e+00  0.00000000e+00]---->
[ 0.00000000e+00  2.95206698e-04  0.00000000e+00  0.00000000e+00
 -5.14184021e-03  0.00000000e+00 -3.28758219e-04 -2.73392851e-05
  0.00000000e+00  0.00000000e+00  0.00000000e+00]+[ 0.00000000e+00  1.66640099e-04  0.00000000e+00  0.00000000e+00
 -7.88331387e-03  0.00000000e+00 -3.04081825e-04 -5.52186799e-05
  0.00000000e+00  0.00000000e+00  0.00000000e+00]
----


----
[ 0.00000000e+00  4.31270469e-05  0.00000000e+00  0.00000000e+00
 -2.32639515e-02  0.00000000e+00 -4.89788361e-04 -1.10555569e-05
  0.00000000e+00  0.00000000e+00  0.00000000e+00]x[0. 0. 0. 0. 0. 0. 0. 0. 0. 0. 0.]---->
[ 0.00000000e+00  2.13005513e-05  0.00000000e+00  0.00000000e+00
 -2.67793228e-02  0.00000000e+00  7.32675909e-05 -1.26248438e-05
  0.00000000e+00  0.00000000e+00  0.00000000e+00]+[ 0.00000000e+00  6.96475622e-06  0.00000000e+00  0.00000000e+00
  1.07519317e-02  0.00000000e+00 -7.63348030e-04  5.98567770e-06
  0.00000000e+00  0.00000000e+00  0.00000000e+00]
----


Roullette Ends
XXXX-XXXX


Errors:>>

XXXXX-----XXXXX
kid: [ 0.00000000e+00  8.07508210e-04  0.00000000e+00  0.00000000e+00
 -7.54865766e-03  0.00000000e+00 -4.35159298e-06 -4.11706628e-05
  0.00000000e+00  0.00000000e+00  0.00000000e+00] train error: 49921968050860.8, validation error: 83392211391186.1

kid: [ 0.00000000e+00  1.26843504e-03  0.00000000e+00  0.00000000e+00
 -2.51609814e-03  0.00000000e+00 -9.43046261e-05 -1.32215947e-05
  0.00000000e+00  0.00000000e+00  0.00000000e+00] train error: 4164834618403.5273, validation error: 3343275163629.532

kid: [ 0.00000000e+00  2.53098297e-03  0.00000000e+00  0.00000000e+00
 -3.21561022e-02  0.00000000e+00 -4.75754587e-04 -1.40541078e-05
  0.00000000e+00  0.00000000e+00  0.00000000e+00] train error: 4817463001066.295, validation error: 4413345770596.792

kid: [ 0.00000000e+00  5.91590888e-04  0.00000000e+00  0.00000000e+00
 -2.63948962e-02  0.00000000e+00 -3.82565236e-04 -1.44345696e-05
  0.00000000e+00  0.00000000e+00  0.00000000e+00] train error: 5072255934158.873, validation error: 4770270911702.149

kid: [ 0.00000000e+00  1.08981222e-03  0.00000000e+00  0.00000000e+00
 -1.44257741e-02  0.00000000e+00 -3.89574083e-04 -1.52792983e-05
  0.00000000e+00  0.00000000e+00  0.00000000e+00] train error: 5670068920253.525, validation error: 5624894133735.959

kid: [ 0.00000000e+00  8.10262193e-04  0.00000000e+00  0.00000000e+00
 -1.87015258e-02  0.00000000e+00 -3.56284197e-04 -1.50070764e-05
  0.00000000e+00  0.00000000e+00  0.00000000e+00] train error: 5474646042285.638, validation error: 5345596396329.832

kid: [ 0.00000000e+00  6.33825902e-04  0.00000000e+00  0.00000000e+00
 -2.70340323e-02  0.00000000e+00 -5.95125230e-04 -8.31066974e-06
  0.00000000e+00  0.00000000e+00  0.00000000e+00] train error: 1910062267613.5122, validation error: 627147664435.7336

kid: [ 0.00000000e+00  1.18529376e-03  0.00000000e+00  0.00000000e+00
 -6.60116355e-03  0.00000000e+00 -3.54376428e-04 -5.02844159e-07
  0.00000000e+00  0.00000000e+00  0.00000000e+00] train error: 1853722003633.261, validation error: 3109260014997.0244

kid: [ 0.00000000e+00  3.32788043e-05  0.00000000e+00  0.00000000e+00
 -2.40545656e-02  0.00000000e+00 -4.82603196e-04 -1.05657940e-05
  0.00000000e+00  0.00000000e+00  0.00000000e+00] train error: 2759386041801.173, validation error: 1531899000558.8022

kid: [ 0.00000000e+00  4.09284260e-05  0.00000000e+00  0.00000000e+00
 -2.13203883e-02  0.00000000e+00 -4.57791957e-04 -1.20419094e-06
  0.00000000e+00  0.00000000e+00  0.00000000e+00] train error: 1620963416813.2852, validation error: 2422315399638.9053

kid: [ 0.00000000e+00  1.36574540e-04  0.00000000e+00  0.00000000e+00
 -4.23064582e-03  0.00000000e+00 -1.88879704e-04 -1.60803066e-05
  0.00000000e+00  0.00000000e+00  0.00000000e+00] train error: 6279326087136.739, validation error: 6518070992813.299

kid: [ 0.00000000e+00 -3.80918559e-05  0.00000000e+00  0.00000000e+00
  5.76189943e-03  0.00000000e+00  1.58264934e-04  6.20874438e-06
  0.00000000e+00  0.00000000e+00  0.00000000e+00] train error: 5392876745087.999, validation error: 12293683387364.809

kid: [ 0.00000000e+00  3.34038524e-04  0.00000000e+00  0.00000000e+00
 -5.14184021e-03  0.00000000e+00 -3.28758219e-04 -2.73392851e-05
  0.00000000e+00  0.00000000e+00  0.00000000e+00] train error: 20279426258804.824, validation error: 30095297424215.324

kid: [ 0.00000000e+00  5.61360779e-06  0.00000000e+00  0.00000000e+00
 -7.88331387e-03  0.00000000e+00 -3.04081825e-04 -4.48821958e-05
  0.00000000e+00  0.00000000e+00  0.00000000e+00] train error: 60203411295984.85, validation error: 102241308527233.22

kid: [ 0.00000000e+00  2.13005513e-05  0.00000000e+00  0.00000000e+00
 -2.67793228e-02  0.00000000e+00  7.32675909e-05 -1.48591597e-05
  0.00000000e+00  0.00000000e+00  0.00000000e+00] train error: 5392371705508.91, validation error: 5255746728338.026

XXXXX-----XXXXX

Best of Children: [ 0.00000000e+00  5.61360779e-06  0.00000000e+00  0.00000000e+00
 -7.88331387e-03  0.00000000e+00 -3.04081825e-04 -4.48821958e-05
  0.00000000e+00  0.00000000e+00  0.00000000e+00]->3.465502858651598
XXXXXXX--NEXT TIME---XXXXXX
Parents:
[[ 0.00000000e+00  6.82634285e-05  0.00000000e+00  0.00000000e+00
  -1.69310750e-02  0.00000000e+00 -3.97583452e-04 -2.17214661e-06
   0.00000000e+00  0.00000000e+00  0.00000000e+00]
 [ 0.00000000e+00  4.31270469e-05  0.00000000e+00  0.00000000e+00
  -2.32639515e-02  0.00000000e+00 -4.89788361e-04 -1.10555569e-05
   0.00000000e+00  0.00000000e+00  0.00000000e+00]
 [ 0.00000000e+00  1.16913995e-03  0.00000000e+00  0.00000000e+00
  -7.50596123e-03  0.00000000e+00 -2.28074546e-04 -1.33325133e-05
   0.00000000e+00  0.00000000e+00  0.00000000e+00]
 [ 0.00000000e+00  2.39587574e-03  0.00000000e+00  0.00000000e+00
  -2.18991956e-02  0.00000000e+00 -3.94867120e-04 -1.38777942e-05
   0.00000000e+00  0.00000000e+00  0.00000000e+00]
 [ 0.00000000e+00  0.00000000e+00  0.00000000e+00  0.00000000e+00
   0.00000000e+00  0.00000000e+00  0.00000000e+00  0.00000000e+00
   0.00000000e+00  0.00000000e+00  0.00000000e+00]
 [ 0.00000000e+00  1.02709908e-03  0.00000000e+00  0.00000000e+00
  -3.36543016e-02  0.00000000e+00 -2.70534861e-05 -3.28824900e-05
   0.00000000e+00  0.00000000e+00  0.00000000e+00]
 [ 0.00000000e+00  1.06978589e-03  0.00000000e+00  0.00000000e+00
  -5.68446932e-03  0.00000000e+00 -3.49103240e-04 -3.36896630e-05
   0.00000000e+00  0.00000000e+00  0.00000000e+00]
 [ 0.00000000e+00  3.22397984e-04  0.00000000e+00  0.00000000e+00
  -1.84583927e-02  0.00000000e+00 -6.02273467e-05 -4.29606389e-05
   0.00000000e+00  0.00000000e+00  0.00000000e+00]
 [ 0.00000000e+00  8.19202292e-04  0.00000000e+00  0.00000000e+00
  -1.64246793e-03  0.00000000e+00 -2.27983637e-04 -4.90168286e-05
   0.00000000e+00  0.00000000e+00  0.00000000e+00]
 [ 0.00000000e+00  1.82526115e-05  0.00000000e+00  0.00000000e+00
  -6.67309384e-03  0.00000000e+00 -3.83411615e-04 -5.23325712e-05
   0.00000000e+00  0.00000000e+00  0.00000000e+00]
 [ 0.00000000e+00  1.48209447e-03  0.00000000e+00  0.00000000e+00
  -8.76571708e-03  0.00000000e+00 -4.28324405e-04 -5.47021391e-05
   0.00000000e+00  0.00000000e+00  0.00000000e+00]
 [ 0.00000000e+00  1.61584814e-03  0.00000000e+00  0.00000000e+00
  -2.58559831e-02  0.00000000e+00 -4.53713404e-04 -5.63850962e-05
   0.00000000e+00  0.00000000e+00  0.00000000e+00]
 [ 0.00000000e+00  1.00181504e-04  0.00000000e+00  0.00000000e+00
  -2.50902908e-02  0.00000000e+00 -4.39656998e-04 -5.76598551e-05
   0.00000000e+00  0.00000000e+00  0.00000000e+00]
 [ 0.00000000e+00  1.47589727e-03  0.00000000e+00  0.00000000e+00
  -1.83414475e-03  0.00000000e+00 -4.46975353e-04 -6.19847848e-05
   0.00000000e+00  0.00000000e+00  0.00000000e+00]
 [ 0.00000000e+00  4.46168988e-04  0.00000000e+00  0.00000000e+00
  -2.53818685e-02  0.00000000e+00 -4.51935131e-04 -6.29005062e-05
   0.00000000e+00  0.00000000e+00  0.00000000e+00]]
Children:
[[ 0.00000000e+00  6.33825902e-04  0.00000000e+00  0.00000000e+00
  -2.70340323e-02  0.00000000e+00 -5.95125230e-04 -8.31066974e-06
   0.00000000e+00  0.00000000e+00  0.00000000e+00]
 [ 0.00000000e+00  4.09284260e-05  0.00000000e+00  0.00000000e+00
  -2.13203883e-02  0.00000000e+00 -4.57791957e-04 -1.20419094e-06
   0.00000000e+00  0.00000000e+00  0.00000000e+00]
 [ 0.00000000e+00  3.32788043e-05  0.00000000e+00  0.00000000e+00
  -2.40545656e-02  0.00000000e+00 -4.82603196e-04 -1.05657940e-05
   0.00000000e+00  0.00000000e+00  0.00000000e+00]
 [ 0.00000000e+00  1.18529376e-03  0.00000000e+00  0.00000000e+00
  -6.60116355e-03  0.00000000e+00 -3.54376428e-04 -5.02844159e-07
   0.00000000e+00  0.00000000e+00  0.00000000e+00]
 [ 0.00000000e+00  1.26843504e-03  0.00000000e+00  0.00000000e+00
  -2.51609814e-03  0.00000000e+00 -9.43046261e-05 -1.32215947e-05
   0.00000000e+00  0.00000000e+00  0.00000000e+00]
 [ 0.00000000e+00  2.53098297e-03  0.00000000e+00  0.00000000e+00
  -3.21561022e-02  0.00000000e+00 -4.75754587e-04 -1.40541078e-05
   0.00000000e+00  0.00000000e+00  0.00000000e+00]
 [ 0.00000000e+00  5.91590888e-04  0.00000000e+00  0.00000000e+00
  -2.63948962e-02  0.00000000e+00 -3.82565236e-04 -1.44345696e-05
   0.00000000e+00  0.00000000e+00  0.00000000e+00]
 [ 0.00000000e+00  2.13005513e-05  0.00000000e+00  0.00000000e+00
  -2.67793228e-02  0.00000000e+00  7.32675909e-05 -1.48591597e-05
   0.00000000e+00  0.00000000e+00  0.00000000e+00]
 [ 0.00000000e+00  8.10262193e-04  0.00000000e+00  0.00000000e+00
  -1.87015258e-02  0.00000000e+00 -3.56284197e-04 -1.50070764e-05
   0.00000000e+00  0.00000000e+00  0.00000000e+00]
 [ 0.00000000e+00  1.08981222e-03  0.00000000e+00  0.00000000e+00
  -1.44257741e-02  0.00000000e+00 -3.89574083e-04 -1.52792983e-05
   0.00000000e+00  0.00000000e+00  0.00000000e+00]
 [ 0.00000000e+00  1.36574540e-04  0.00000000e+00  0.00000000e+00
  -4.23064582e-03  0.00000000e+00 -1.88879704e-04 -1.60803066e-05
   0.00000000e+00  0.00000000e+00  0.00000000e+00]
 [ 0.00000000e+00 -3.80918559e-05  0.00000000e+00  0.00000000e+00
   5.76189943e-03  0.00000000e+00  1.58264934e-04  6.20874438e-06
   0.00000000e+00  0.00000000e+00  0.00000000e+00]
 [ 0.00000000e+00  3.34038524e-04  0.00000000e+00  0.00000000e+00
  -5.14184021e-03  0.00000000e+00 -3.28758219e-04 -2.73392851e-05
   0.00000000e+00  0.00000000e+00  0.00000000e+00]
 [ 0.00000000e+00  8.07508210e-04  0.00000000e+00  0.00000000e+00
  -7.54865766e-03  0.00000000e+00 -4.35159298e-06 -4.11706628e-05
   0.00000000e+00  0.00000000e+00  0.00000000e+00]
 [ 0.00000000e+00  5.61360779e-06  0.00000000e+00  0.00000000e+00
  -7.88331387e-03  0.00000000e+00 -3.04081825e-04 -4.48821958e-05
   0.00000000e+00  0.00000000e+00  0.00000000e+00]]
Current Toppers:
[[ 0.00000000e+00  6.82634285e-05  0.00000000e+00  0.00000000e+00
  -1.69310750e-02  0.00000000e+00 -3.97583452e-04 -2.17214661e-06
   0.00000000e+00  0.00000000e+00  0.00000000e+00]
 [ 0.00000000e+00  6.33825902e-04  0.00000000e+00  0.00000000e+00
  -2.70340323e-02  0.00000000e+00 -5.95125230e-04 -8.31066974e-06
   0.00000000e+00  0.00000000e+00  0.00000000e+00]
 [ 0.00000000e+00  4.09284260e-05  0.00000000e+00  0.00000000e+00
  -2.13203883e-02  0.00000000e+00 -4.57791957e-04 -1.20419094e-06
   0.00000000e+00  0.00000000e+00  0.00000000e+00]
 [ 0.00000000e+00  3.32788043e-05  0.00000000e+00  0.00000000e+00
  -2.40545656e-02  0.00000000e+00 -4.82603196e-04 -1.05657940e-05
   0.00000000e+00  0.00000000e+00  0.00000000e+00]
 [ 0.00000000e+00  4.31270469e-05  0.00000000e+00  0.00000000e+00
  -2.32639515e-02  0.00000000e+00 -4.89788361e-04 -1.10555569e-05
   0.00000000e+00  0.00000000e+00  0.00000000e+00]
 [ 0.00000000e+00  1.18529376e-03  0.00000000e+00  0.00000000e+00
  -6.60116355e-03  0.00000000e+00 -3.54376428e-04 -5.02844159e-07
   0.00000000e+00  0.00000000e+00  0.00000000e+00]
 [ 0.00000000e+00  1.26843504e-03  0.00000000e+00  0.00000000e+00
  -2.51609814e-03  0.00000000e+00 -9.43046261e-05 -1.32215947e-05
   0.00000000e+00  0.00000000e+00  0.00000000e+00]
 [ 0.00000000e+00  1.16913995e-03  0.00000000e+00  0.00000000e+00
  -7.50596123e-03  0.00000000e+00 -2.28074546e-04 -1.33325133e-05
   0.00000000e+00  0.00000000e+00  0.00000000e+00]
 [ 0.00000000e+00  2.39587574e-03  0.00000000e+00  0.00000000e+00
  -2.18991956e-02  0.00000000e+00 -3.94867120e-04 -1.38777942e-05
   0.00000000e+00  0.00000000e+00  0.00000000e+00]
 [ 0.00000000e+00  0.00000000e+00  0.00000000e+00  0.00000000e+00
   0.00000000e+00  0.00000000e+00  0.00000000e+00  0.00000000e+00
   0.00000000e+00  0.00000000e+00  0.00000000e+00]]
Their Fitness:
[236.34359296 156.59368052 155.10285047 125.41156681 120.13360106
 114.55283772 100.27286104  99.6884553   96.49756053  95.80970212]
BEST !: [1463074743571.8975, 1789319378350.8296] [ 0.00000000e+00  6.82634285e-05  0.00000000e+00  0.00000000e+00
 -1.69310750e-02  0.00000000e+00 -3.97583452e-04 -2.17214661e-06
  0.00000000e+00  0.00000000e+00  0.00000000e+00]
120
