[ 8.05435394e-03 -3.61651235e-02 -2.35244695e-02 -4.03926000e-01
 -1.75214813e-10 -1.83669770e-15 -7.05347376e-02  2.31308954e-05
 -2.00982322e-06 -1.67252851e-08  9.79533117e-10] train error: 146029984543.02914, validation error: 187225153107.65982, mse: 40778406762793.445, rank: 104

[ 9.14151058e-03 -1.66222369e-02 -1.25612993e-01 -5.52641753e-01
 -1.68241208e-10 -1.86819279e-15  5.97892630e-02  2.19641361e-05
 -1.97776250e-06 -1.59901768e-08  9.61954086e-10] train error: 151070768597.80585, validation error: 185191762826.93857, mse: 38943387167147.8, rank: 104

[ 1.35581127e-02 -1.96221614e-02 -9.44184476e-02 -2.84476671e-01
 -1.75320985e-10 -1.87451964e-15 -1.20590817e-01  2.26596870e-05
 -1.99549629e-06 -1.62339551e-08  9.66045242e-10] train error: 181571593480.52155, validation error: 192586366187.30566

EXCEPTION, POTENTIAL --> [-2.73508894e-01 -6.25110340e-02  2.91857048e-01 -7.66498269e-01
 -1.67395948e-10 -1.92234129e-15 -6.88491980e-02  2.33453481e-05
 -2.11070650e-06 -1.48722380e-08  9.93644470e-10] train error: 62176523130.861046, validation error: 247110531934.85538, mse: 25442525766779.67, rank: 74

[ 8.52827352e-03 -3.68347821e-02 -2.41672325e-02 -4.15566405e-01
 -1.81090578e-10 -1.86813196e-15 -6.85167210e-02  2.29820449e-05
 -1.99066414e-06 -1.71571144e-08  9.78835046e-10] train error: 215188169974.6845, validation error: 209364773316.89343, mse: 45355377820327.625, rank: 104

[ 8.54809023e-03 -3.67951416e-02 -2.26593169e-02 -4.04971720e-01
 -1.78497142e-10 -1.88267156e-15 -7.11002555e-02  2.35442577e-05
 -1.98801171e-06 -1.73424815e-08  9.78109245e-10] train error: 194105278916.6831, validation error: 187569793914.12912

[ 8.43277998e-03 -5.43126377e-02 -1.36284669e-01 -5.89812291e-01
 -1.80765151e-10 -1.86765740e-15 -7.23490221e-04  2.27615704e-05
 -1.97602159e-06 -1.62191430e-08  9.64123637e-10] train error: 83872442134.95741, validation error: 174749549777.96033, mse: 39031188614866.266, rank: 105

[ 1.41983747e-02 -3.30593303e-02 -6.19902055e-02 -3.20465955e-01
 -1.66362442e-10 -1.83225229e-15 -6.26522689e-02  2.38737793e-05
 -2.02319792e-06 -1.62778156e-08  9.71894161e-10] train error: 106726134695.8853, validation error: 168713635932.5806, mse: 33806307374045.22, rank: 87

[ 1.44874644e-02 -1.79557399e-02 -1.24863627e-01 -5.31746500e-01
 -1.78198330e-10 -1.84095395e-15  4.13093163e-02  2.29302581e-05
 -1.97134326e-06 -1.60537511e-08  9.54243536e-10] train error: 107789664818.10495, validation error: 161174940777.4492, mse: 36008869053996.91, rank: 91

[ 1.46018669e-02 -2.63927253e-02 -1.39259121e-01 -5.72684033e-01
 -1.78813334e-10 -1.85865821e-15  1.49940297e-02  2.41577847e-05
 -1.97750544e-06 -1.67594933e-08  9.57273909e-10] train error: 165411941732.15173, validation error: 160514102699.54108, mse: 36871197797772.17, rank: 92

[-1.51669922e-01 -7.29557974e-02 -9.08882546e-02 -4.06537259e-01
 -1.82394587e-10 -1.88153995e-15 -8.76720345e-02  2.22860734e-05
 -2.06805457e-06 -1.57678226e-08  9.93395054e-10] train error: 136944224788.17331, validation error: 223802815321.2812

[ 1.05560033e-02 -4.89424572e-02 -1.39625480e-01 -5.92202512e-01
 -1.70777054e-10 -1.80498510e-15 -2.51548768e-02  2.24215223e-05
 -1.95437787e-06 -1.63858091e-08  9.54145394e-10] train error: 162021695298.3625, validation error: 174624880088.6681

[ 1.38654828e-02 -2.11777886e-02 -1.34565807e-01 -5.44105599e-01
 -1.73049419e-10 -1.84860074e-15  2.53959703e-02  2.34324663e-05
 -1.97184830e-06 -1.60648080e-08  9.54376064e-10] train error: 65232959808.23518, validation error: 170871991172.30963, mse: 34983052865687.145, rank: 90

[ 1.46018669e-02 -2.63927253e-02 -1.39259121e-01 -5.72684033e-01
 -1.78813334e-10 -1.85865821e-15  1.49940297e-02  2.41577847e-05
 -1.97750544e-06 -1.67594933e-08  9.57273909e-10] train error: 165411941732.15173, validation error: 160514102699.54108

[ 9.40963275e-03 -4.81944215e-02  3.13218589e-02 -5.14990641e-01
 -1.82800314e-10 -1.81035509e-15 -5.84015802e-02  2.25010112e-05
 -1.89285975e-06 -1.76664941e-08  9.54580693e-10] train error: 194698455208.18314, validation error: 152014950062.46637

[ 4.57731100e-03 -5.13812851e-02 -1.33177910e-01 -6.23282882e-01
 -1.81015782e-10 -1.87887485e-15  8.25604124e-04  2.27161408e-05
 -1.97703131e-06 -1.62706827e-08  9.57221318e-10] train error: 218728058895.28964, validation error: 204385566517.78326

[ 1.98864086e-03 -5.05713388e-02 -1.35373766e-01 -6.50685033e-01
 -1.82088214e-10 -1.91570633e-15 -4.23755695e-02  2.27885429e-05
 -1.99056568e-06 -1.62014936e-08  9.68660864e-10] train error: 110807102310.63101, validation error: 175347335502.79767, mse: 38456142865408.625, rank: 104

[ 8.81459766e-03 -5.67577975e-02 -1.66091300e-01 -8.29881861e-01
 -1.81611208e-10 -1.89594027e-15 -4.26201623e-02  2.42334124e-05
 -2.01131666e-06 -1.62479856e-08  9.63518227e-10] train error: 137626761412.4455, validation error: 165184785652.84485, mse: 32461860535790.48, rank: 87

[ 8.84458063e-03 -2.14392712e-02 -1.36577820e-01 -4.19828703e-01
 -1.83257727e-10 -1.86645484e-15  6.96339958e-02  2.26697613e-05
 -2.02802693e-06 -1.62910986e-08  9.79151436e-10] train error: 211209453702.11865, validation error: 231813247211.07745

[ 1.21323819e-02 -2.29977104e-02 -1.10077509e-01 -3.17107226e-01
 -1.66663492e-10 -1.93233007e-15  7.58914634e-02  2.19799165e-05
 -1.95791477e-06 -1.58677781e-08  9.53613310e-10] train error: 132917924931.99094, validation error: 166322631083.57217

[ 1.43874543e-02 -3.55328749e-02 -1.02508964e-01 -4.02149713e-01
 -1.75536004e-10 -1.83955175e-15 -8.08927369e-02  2.33837527e-05
 -1.98024871e-06 -1.63018010e-08  9.60093741e-10] train error: 92853810738.4283, validation error: 160637298099.669, mse: 36614373786680.41, rank: 92

[ 1.46329284e-02 -1.21468935e-02 -8.50734205e-02 -3.90692508e-01
 -1.86670143e-10 -1.83813421e-15 -5.34957175e-03  2.26474062e-05
 -2.00331833e-06 -1.54583192e-08  9.58373615e-10] train error: 96788016781.33469, validation error: 173685209655.2425

[ 1.54509720e-02 -1.47218762e-02 -1.50121350e-01 -4.35754767e-01
 -1.83097071e-10 -1.82659463e-15 -1.17906049e-02  2.23983094e-05
 -1.96092732e-06 -1.62021232e-08  9.54872433e-10] train error: 140700298839.70117, validation error: 168117692400.7476

[ 1.44900106e-02 -3.83040425e-02 -8.13293726e-02 -4.10461156e-01
 -1.83104668e-10 -1.83668877e-15  1.48238713e-02  2.20099380e-05
 -1.91219681e-06 -1.55275241e-08  9.23169330e-10] train error: 154889483956.9782, validation error: 148795130736.98984

[ 1.00321940e-02 -4.38095122e-02 -1.65037731e-01 -6.49083753e-01
 -1.87782405e-10 -1.86132209e-15 -6.66597873e-03  2.26143723e-05
 -1.97577521e-06 -1.61051118e-08  9.57214522e-10] train error: 157941239432.68964, validation error: 177726435834.80353

[ 1.35779015e-02 -1.79663015e-02 -1.30722666e-01 -5.26919276e-01
 -1.78169318e-10 -1.85403980e-15  4.75530736e-02  2.29168229e-05
 -1.97169668e-06 -1.60562334e-08  9.54241251e-10] train error: 116566603555.34766, validation error: 161358379940.0129

[ 1.43829153e-02 -1.96233203e-02 -1.25668708e-01 -5.40164931e-01
 -1.81804765e-10 -1.79409725e-15  4.37733810e-02  2.30510613e-05
 -1.98085172e-06 -1.61597784e-08  9.53200500e-10] train error: 180792660435.61755, validation error: 185721396688.8744

[ 1.38723916e-02 -2.55619655e-02 -1.25192549e-01 -5.08246672e-01
 -1.74311832e-10 -1.91136961e-15 -2.33305202e-02  2.37540335e-05
 -1.97777438e-06 -1.62705202e-08  9.56291159e-10] train error: 106128887687.32816, validation error: 154976767974.73343

[ 1.46090454e-02 -9.21511316e-02 -1.44684268e-01 -8.78850302e-01
 -1.77806485e-10 -1.86528445e-15 -1.33514193e-01  2.20511578e-05
 -1.90109546e-06 -1.58955349e-08  9.25880321e-10] train error: 183701647295.64227, validation error: 157874425557.30475

[ 1.44901600e-02 -6.23061590e-02 -7.82284761e-02 -3.44078164e-01
 -1.70748614e-10 -1.88149228e-15  3.57320286e-02  2.27931119e-05
 -2.00826821e-06 -1.63034217e-08  9.73616221e-10] train error: 154140526875.86914, validation error: 187818413073.81705

[ 1.42920318e-02 -3.24941833e-02 -1.15033971e-01 -3.57317325e-01
 -1.78213592e-10 -1.83854382e-15 -4.85186218e-02  2.22225993e-05
 -1.99021069e-06 -1.62839897e-08  9.75711043e-10] train error: 78177603165.83911, validation error: 190179079852.81738

[ 1.32107160e-02 -1.76664687e-02 -1.38763099e-01 -5.31986854e-01
 -1.76420424e-10 -1.81907595e-15  1.63519260e-02  2.37308956e-05
 -2.01332835e-06 -1.57440486e-08  9.54240593e-10] train error: 164312078581.48993, validation error: 175435879808.15347

[ 1.43746178e-02 -1.87723458e-02 -1.36581350e-01 -5.27146222e-01
 -1.75825074e-10 -1.81175254e-15 -2.80999451e-02  2.27256209e-05
 -1.97137527e-06 -1.58830811e-08  9.53430507e-10] train error: 86899766104.22598, validation error: 165796100083.03006, mse: 35436972508301.36, rank: 91

[ 1.37239867e-02 -1.24862841e-02 -1.52861981e-01 -5.79535729e-01
 -1.81187625e-10 -1.90899457e-15 -1.21766910e-02  2.34017017e-05
 -1.95166635e-06 -1.61818899e-08  9.52237837e-10] train error: 52931589604.780525, validation error: 192239057941.27655, mse: 37182515533191.734, rank: 93

[ 1.21185303e-02 -1.30023247e-02 -1.77813876e-01 -6.76982110e-01
 -1.68864645e-10 -1.81413997e-15  4.64149554e-02  2.25212787e-05
 -1.97502108e-06 -1.58617085e-08  9.59712129e-10] train error: 57230131004.8763, validation error: 190357046547.50793

[ 1.47990506e-02 -8.23196382e-03 -1.15974837e-01 -3.85206834e-01
 -1.77157833e-10 -1.87345952e-15  5.09046145e-02  2.14292933e-05
 -1.96767357e-06 -1.57633893e-08  9.53616343e-10] train error: 219092780073.14313, validation error: 214556285417.06247

[ 1.40740212e-02 -1.99603235e-02 -1.36816109e-01 -5.07998609e-01
 -1.72735757e-10 -1.89567170e-15  3.39491735e-03  2.30952636e-05
 -1.96146500e-06 -1.60703154e-08  9.53608992e-10] train error: 73804925363.56615, validation error: 169913644344.90717, mse: 36583625708168.055, rank: 93

[ 1.38884451e-02 -1.90461949e-02 -1.38729033e-01 -5.48213909e-01
 -1.75294338e-10 -1.84703413e-15  1.79704488e-02  2.31094362e-05
 -1.99578683e-06 -1.60646261e-08  9.57071156e-10] train error: 205069225740.7072, validation error: 200580164382.14133

[ 1.37676485e-02 -1.79352187e-02 -1.33818057e-01 -4.92008750e-01
 -1.76431094e-10 -1.88597031e-15  7.59348389e-03  2.28468691e-05
 -1.97168672e-06 -1.60552491e-08  9.53613297e-10] train error: 145646483732.489, validation error: 165153407388.14917

[ 1.43746178e-02 -1.87723458e-02 -1.36581350e-01 -5.02835468e-01
 -1.70857874e-10 -1.83510682e-15 -2.80999451e-02  2.34132587e-05
 -1.97823930e-06 -1.58830811e-08  9.53430507e-10] train error: 61182869668.16146, validation error: 173416177150.5217, mse: 33318197284523.008, rank: 88

[ 1.72469848e-02 -1.03484526e-03 -1.35959456e-01 -4.83693406e-01
 -1.66735309e-10 -1.88811061e-15  4.90530468e-02  2.21316427e-05
 -1.88329910e-06 -1.64955637e-08  9.36773347e-10] train error: 109542512092.9232, validation error: 154125974757.73492

[ 1.39960834e-02 -2.02451509e-02 -1.34019075e-01 -5.21363835e-01
 -1.73071489e-10 -1.88564838e-15  2.27773357e-03  2.31072447e-05
 -1.96698861e-06 -1.59382846e-08  9.53603616e-10] train error: 65468398735.59212, validation error: 175749741287.42206

[ 1.37705735e-02 -1.85945870e-02 -1.32544810e-01 -4.81284963e-01
 -1.76028797e-10 -1.81497595e-15  8.36747239e-03  2.31063759e-05
 -1.97150749e-06 -1.58385928e-08  9.53599043e-10] train error: 46220949983.95045, validation error: 190247746931.07086

[ 1.40080801e-02 -2.95974755e-02 -1.10656149e-01 -4.49228526e-01
 -1.77955659e-10 -1.84052994e-15  2.86857744e-02  2.27927298e-05
 -1.95073564e-06 -1.64812074e-08  9.57699719e-10] train error: 88231441760.40506, validation error: 163932663244.00928, mse: 41389999449857.06, rank: 106

[ 1.99879958e-02 -6.40715264e-03 -7.93404645e-02 -4.55186526e-01
 -1.81108634e-10 -1.87177396e-15  1.13603294e-01  2.19590054e-05
 -1.95784391e-06 -1.58150403e-08  9.53880320e-10] train error: 98478617335.45291, validation error: 169951120750.4215

[ 1.43531365e-02 -2.04343916e-02 -1.32708750e-01 -5.33785703e-01
 -1.72856810e-10 -1.89809914e-15  2.70907269e-03  2.42062103e-05
 -1.96482370e-06 -1.63351867e-08  9.53602979e-10] train error: 50906457879.7643, validation error: 186874253751.64124, mse: 35159882386375.645, rank: 90

[ 1.37751502e-02 -2.07157261e-02 -1.38235940e-01 -5.40034377e-01
 -1.73140629e-10 -1.91145464e-15 -6.34072069e-04  2.29015081e-05
 -1.88660143e-06 -1.59314443e-08  9.24460115e-10] train error: 60780554472.803856, validation error: 188717985115.15167, mse: 37284979835996.33, rank: 93

[ 1.67245552e-02 -5.99965237e-04 -1.11539152e-01 -3.90102139e-01
 -1.73349333e-10 -1.86316199e-15  7.79911991e-02  2.13536453e-05
 -1.87977089e-06 -1.64986139e-08  9.36599043e-10] train error: 176858491669.14703, validation error: 150611404064.55896

 [ 1.39243535e-02 -2.01485875e-02 -1.37111038e-01 -5.28079697e-01
 -1.73041846e-10 -1.95757455e-15 -1.20589135e-03  2.36381374e-05
 -1.99825724e-06 -1.64539141e-08  9.66224566e-10] train error: 175292241933.88135, validation error: 175079227292.34457

[ 1.34863924e-02 -1.99137101e-02 -1.40975500e-01 -5.34094875e-01
 -1.65624814e-10 -1.88121958e-15  1.12253113e-02  2.38129251e-05
 -1.97680092e-06 -1.62282739e-08  9.53254737e-10] train error: 111655863721.85307, validation error: 152103176461.61853

[ 1.43733570e-02 -1.90216172e-02 -1.38744853e-01 -5.13538817e-01
 -1.70162626e-10 -1.85776645e-15 -4.60472328e-02  2.33925950e-05
 -1.96950886e-06 -1.60066457e-08  9.53383909e-10] train error: 59709110262.45768, validation error: 175930230215.12057, mse: 34789213690044.125, rank: 90

[ 1.35165912e-02 -1.95112335e-02 -1.34016039e-01 -5.69957818e-01
 -1.73072980e-10 -1.89377632e-15  1.57197025e-02  2.31524393e-05
 -1.97176686e-06 -1.60636713e-08  9.53600749e-10] train error: 115696269434.91866, validation error: 158688761080.6419

[ 1.39196438e-02 -2.59392724e-02 -9.54967713e-02 -5.17667813e-01
 -1.83136326e-10 -1.90751233e-15  3.18927004e-02  2.25957673e-05
 -1.93127655e-06 -1.66172325e-08  9.56507354e-10] train error: 91978010295.63252, validation error: 168847272662.46945

[ 1.38608617e-02 -3.05768367e-02 -1.07615962e-01 -5.07133255e-01
 -1.85266006e-10 -1.77794181e-15  1.42626753e-02  2.26986332e-05
 -1.95991410e-06 -1.64731813e-08  9.54051577e-10] train error: 175157081404.83783, validation error: 180073872904.31363

[ 1.41539028e-02 -2.93314407e-02 -1.19328236e-01 -5.34936192e-01
 -1.69977606e-10 -1.80035903e-15  3.13252116e-02  2.26589029e-05
 -1.95976537e-06 -1.64156028e-08  9.57509016e-10] train error: 120386718638.08987, validation error: 164031649512.6731

[ 1.48316769e-02 -3.02244352e-02 -1.28961278e-01 -5.21943150e-01
 -1.74509508e-10 -1.81350095e-15 -2.53071414e-02  2.41722057e-05
 -1.96763509e-06 -1.65056241e-08  9.53587106e-10] train error: 71977250679.37802, validation error: 155949077360.8284, mse: 35752938282999.9, rank: 92

[ 1.42988933e-02 -2.66667418e-02 -1.10591786e-01 -2.38787629e-01
 -1.78279876e-10 -1.88658949e-15  1.04428459e-01  2.23150924e-05
 -1.95258243e-06 -1.60594585e-08  9.54875973e-10] train error: 86097841279.12651, validation error: 167820733905.05283

[ 1.51118647e-02 -3.93856937e-02 -1.15385102e-01 -3.37239829e-01
 -1.76176400e-10 -1.83478575e-15  5.09862303e-02  2.25372920e-05
 -1.95178922e-06 -1.63259332e-08  9.55309316e-10] train error: 104317529488.6821, validation error: 159978393345.39645

[ 1.40174547e-02 -2.20484403e-02 -1.34227987e-01 -5.72878814e-01
 -1.70975723e-10 -1.91399043e-15 -4.31357275e-02  2.20201819e-05
 -1.97454516e-06 -1.57908959e-08  9.60121925e-10] train error: 110250099421.70532, validation error: 175990123151.50583

[ 1.63556541e-02 -1.73642397e-02 -8.90814989e-02 -5.16267830e-01
 -1.74796884e-10 -1.86532704e-15  1.37905478e-01  2.15488959e-05
 -1.95316953e-06 -1.60023479e-08  9.54962539e-10] train error: 162498401709.36978, validation error: 181239156399.91937

[ 1.48931751e-02 -2.04740963e-02 -1.33591412e-01 -5.18427282e-01
 -1.73085200e-10 -1.78439698e-15 -1.15206329e-02  2.29109497e-05
 -1.82449437e-06 -1.58723589e-08  8.87116103e-10] train error: 128065287275.7277, validation error: 112618375341.40945

[ 1.39403264e-02 -2.31712006e-02 -1.24347848e-01 -5.97343572e-01
 -1.63808717e-10 -1.84191006e-15 -1.35369942e-02  2.22432324e-05
 -1.92297625e-06 -1.59824029e-08  9.41690729e-10] train error: 81020276435.28194, validation error: 164545317742.1758

[ 1.40742749e-02 -2.06315697e-02 -1.38919199e-01 -4.96624556e-01
 -1.74912702e-10 -1.87338988e-15 -2.67358790e-02  2.25879990e-05
 -1.96981835e-06 -1.60252851e-08  9.53511414e-10] train error: 155651588744.49792, validation error: 171152636774.47827

[ 1.40689954e-02 -2.00452507e-02 -1.41538447e-01 -4.81909860e-01
 -1.84787108e-10 -2.11051461e-15  2.04223750e-02  2.28870415e-05
 -1.95900546e-06 -1.57655180e-08  9.53492622e-10] train error: 84921025100.19052, validation error: 187989553313.93274

[ 1.40065848e-02 -2.33676645e-02 -1.24797192e-01 -4.59125393e-01
 -1.78198507e-10 -1.91980395e-15 -9.25977809e-03  2.34513117e-05
 -1.95098677e-06 -1.68939489e-08  9.54151958e-10] train error: 212652921296.78986, validation error: 173295738737.83417

[ 1.49257241e-02 -1.86881937e-02 -1.51568332e-01 -4.87433300e-01
 -1.88082639e-10 -1.81145349e-15 -4.36518116e-03  2.25986942e-05
 -1.96177601e-06 -1.58423765e-08  9.53505109e-10] train error: 50983959868.45731, validation error: 189186830112.13077, mse: 36483299194321.734, rank: 93

[ 1.49024045e-02 -1.99212941e-02 -1.48059709e-01 -4.71174687e-01
 -1.83282355e-10 -1.81796858e-15 -1.52772223e-03  2.15890106e-05
 -1.91404672e-06 -1.58756209e-08  9.34164446e-10] train error: 164719181388.33368, validation error: 161262114192

[ 1.42555310e-02 -2.59733053e-02 -1.41057875e-01 -4.98476538e-01
 -1.70895741e-10 -1.89870784e-15 -4.82102819e-02  2.33757813e-05
 -1.96948009e-06 -1.63376332e-08  9.53355535e-10] train error: 160081351665.5901, validation error: 161482272007.19598

[ 1.54673144e-02 -2.10478646e-02 -1.40236529e-01 -4.88961767e-01
 -1.64733361e-10 -1.83202122e-15 -5.01494926e-02  2.33642188e-05
 -1.96820276e-06 -1.64570059e-08  9.52746232e-10] train error: 173049727770.48688, validation error: 169219126413.67334

[ 1.47176280e-02 -2.21235134e-02 -1.37444135e-01 -5.16505997e-01
 -1.73642309e-10 -1.74594359e-15 -4.30549530e-02  2.34718724e-05
 -1.98995169e-06 -1.60179477e-08  9.60040776e-10] train error: 45279400083.51646, validation error: 187890863991.02075, mse: 34141989404422.76, rank: 88

[ 1.47133207e-02 -2.14337842e-02 -1.39780692e-01 -5.15655820e-01
 -1.80948357e-10 -1.73627876e-15 -4.48911163e-02  2.37099313e-05
 -1.97723053e-06 -1.69221458e-08  9.59318658e-10] train error: 195709291638.44608, validation error: 191305131755.2378

[ 1.50083496e-02 -1.82703753e-02 -1.38170776e-01 -5.25991895e-01
 -1.70880540e-10 -1.80950528e-15 -4.40607424e-02  2.33967307e-05
 -1.97789038e-06 -1.64053643e-08  9.53391590e-10] train error: 198760442968.21503, validation error: 187988709957.87473

[ 1.30229879e-02 -2.50877610e-02 -1.40472571e-01 -5.22186626e-01
 -1.67923480e-10 -1.76718787e-15 -6.76089100e-02  2.33165634e-05
 -1.96823988e-06 -1.75359916e-08  9.73111316e-10] train error: 197149240955.01254, validation error: 191751236261.7366

EXCEPTIONAL, POTENTIAL --> [ 1.38994423e-02 -2.58965007e-02 -1.33236277e-01 -5.11322038e-01
 -1.71284774e-10 -1.70031183e-15 -5.21885431e-02  2.54242066e-05
 -2.04875487e-06 -1.57212361e-08  9.53422764e-10] train error: 147638101611.8609, validation error: 155945830199.60602, mse: 22714043622400.76, rank: 68

[ 1.33817275e-02 -3.29592751e-02 -1.29207460e-01 -4.41316254e-01
 -1.76425897e-10 -1.82592339e-15 -5.67769696e-03  2.22555511e-05
 -1.95041769e-06 -1.64668579e-08  9.53482779e-10] train error: 204968054517.81253, validation error: 191076297990.21173

[ 1.43730206e-02 -2.21241479e-02 -1.38318046e-01 -5.22296339e-01
 -1.67348944e-10 -1.79092520e-15 -4.87634773e-02  2.55384516e-05
 -1.98011538e-06 -1.61243550e-08  9.42462719e-10] train error: 47917412315.55729, validation error: 179166349336.65265, mse: 27777230959880.016, rank: 81

[ 1.26204107e-02 -2.46903280e-02 -1.41280774e-01 -5.19775542e-01
 -1.91817228e-10 -1.81843414e-15 -5.12217254e-02  2.25357983e-05
 -1.96952032e-06 -1.60418192e-08  9.53292504e-10] train error: 147007707112.6942, validation error: 172108184251.6345

[ 1.27054778e-02 -2.28783575e-02 -1.38065784e-01 -5.22421252e-01
 -2.01348126e-10 -1.67958020e-15 -5.63235882e-02  2.25423026e-05
 -1.96952840e-06 -1.60552467e-08  9.53333208e-10] train error: 99097235893.72778, validation error: 168996647438.3511

[ 1.40085388e-02 -2.24093889e-02 -1.36665987e-01 -5.64057781e-01
 -1.68155788e-10 -1.80324121e-15 -6.11770024e-02  2.34905076e-05
 -1.98794683e-06 -1.60897478e-08  9.53497078e-10] train error: 143317827085.59528, validation error: 165727459392.56802

[ 1.37042312e-02 -2.28505026e-02 -1.33000046e-01 -5.05937620e-01
 -1.66135383e-10 -2.00489771e-15 -2.93656666e-02  2.34268616e-05
 -1.98152082e-06 -1.61356045e-08  9.53164186e-10] train error: 222668857690.49518, validation error: 184268381892.50842

[ 1.48316769e-02 -3.02244352e-02 -1.28961278e-01 -5.21943150e-01
 -1.86364897e-10 -1.68806537e-15 -2.42649275e-02  2.41722057e-05
 -1.96763509e-06 -1.65056241e-08  9.53587106e-10] train error: 42147087444.01693, validation error: 175414428801.06122

[ 1.38118776e-02 -2.27351812e-02 -1.45727925e-01 -5.22034424e-01
 -1.70254468e-10 -1.81008034e-15 -5.71976146e-02  2.31788795e-05
 -1.97009804e-06 -1.62352811e-08  9.53436382e-10] train error: 121068440767.47461, validation error: 158579063378.19733

[ 1.48289919e-02 -2.37006682e-02 -1.30803836e-01 -4.90586140e-01
 -1.73909650e-10 -1.71028417e-15 -5.61351101e-02  2.40860675e-05
 -2.00812848e-06 -1.61235215e-08  9.58474094e-10] train error: 96233107325.92339, validation error: 160260849105.905

[ 1.37102416e-02 -2.26499384e-02 -1.39236769e-01 -4.54231019e-01
 -1.87124666e-10 -1.69463736e-15 -5.35498222e-02  2.30991954e-05
 -2.00982178e-06 -1.55338969e-08  9.56589949e-10] train error: 80205418332.17445, validation error: 174221422419.97742

[ 1.39220750e-02 -2.24916256e-02 -1.38721833e-01 -4.67501554e-01
 -1.58033500e-10 -1.80947831e-15 -5.74603452e-02  2.33844396e-05
 -2.00988670e-06 -1.61355865e-08  9.63249034e-10] train error: 164812525161.2585, validation error: 185883537607.55783

[ 1.39177608e-02 -2.20179898e-02 -1.38706396e-01 -4.68749890e-01
 -1.55807858e-10 -1.68661987e-15 -5.76338489e-02  2.39971808e-05
 -2.01357265e-06 -1.61225965e-08  9.62693491e-10] train error: 75484202384.24593, validation error: 167641908681.56516

[ 1.47024529e-02 -2.30283919e-02 -1.25723555e-01 -4.05624646e-01
 -1.71306978e-10 -1.80971873e-15 -8.82844394e-03  2.34458013e-05
 -1.95710690e-06 -1.66919928e-08  9.53302491e-10] train error: 146169980669.27365, validation error: 155077098253.5112, mse: 39218314698974.97, rank: 105

[ 1.52039152e-02 -2.17421539e-02 -1.36002507e-01 -5.22476163e-01
 -1.91701918e-10 -1.81230369e-15 -4.89299832e-02  2.45033731e-05
 -1.96844114e-06 -1.69947103e-08  9.53398802e-10] train error: 175034564862.4085, validation error: 157880227811.93542

[ 1.34033712e-02 -2.04003263e-02 -1.40069386e-01 -5.23268881e-01
 -1.70365750e-10 -2.03758532e-15 -4.69150860e-02  2.33681594e-05
 -1.96950765e-06 -1.60223160e-08  9.53384267e-10] train error: 124416571842.63452, validation error: 158674512126.1941

[ 1.40288101e-02 -1.67819170e-02 -1.38210655e-01 -5.17521080e-01
 -1.70395009e-10 -1.89128650e-15 -5.11799633e-02  2.36694714e-05
 -1.96953302e-06 -1.60247476e-08  9.53390005e-10] train error: 51531137643.02294, validation error: 187647237202.7995, mse: 34297450704165.51, rank: 89

[ 1.40057709e-02 -2.62925790e-02 -1.18329129e-01 -4.39831968e-01
 -1.79571892e-10 -1.73592910e-15 -2.24463334e-02  2.34377695e-05
 -1.96424103e-06 -1.68330155e-08  9.54001209e-10] train error: 201378933558.08398, validation error: 189732712809.97815

[ 1.28781879e-02 -2.34403460e-02 -1.32413341e-01 -4.95412030e-01
 -1.73152989e-10 -2.13812748e-15 -2.83178816e-02  2.36476687e-05
 -1.96964891e-06 -1.61558824e-08  9.53313229e-10] train error: 175215456710.9352, validation error: 159781837279.59158

[ 1.41618922e-02 -2.95452940e-02 -1.35467699e-01 -5.24479695e-01
 -1.53893356e-10 -2.05801778e-15 -4.28132544e-02  2.34599887e-05
 -1.96783155e-06 -1.62231479e-08  9.53258510e-10] train error: 174834949583.52264, validation error: 160559216702.13522

[ 1.43713783e-02 -2.26973908e-02 -1.30188385e-01 -5.23771935e-01
 -1.81621847e-10 -2.17139904e-15 -5.83437632e-02  2.34084733e-05
 -1.96948421e-06 -1.60201395e-08  9.53357753e-10] train error: 178199557596.93903, validation error: 163445450734.7105

[ 1.40114006e-02 -2.11858615e-02 -1.35924760e-01 -5.20821866e-01
 -1.75174554e-10 -1.83718594e-15 -5.86350012e-03  2.30502241e-05
 -1.96071551e-06 -1.65830686e-08  9.53798522e-10] train error: 198565735213.1922, validation error: 182667843240.77435

[ 1.40075004e-02 -2.47752834e-02 -1.36209132e-01 -5.02696118e-01
 -1.72877794e-10 -1.79681499e-15 -5.49308943e-02  2.34899248e-05
 -1.96940103e-06 -1.62216876e-08  9.53499775e-10] train error: 75820146350.00797, validation error: 159958224757.56696, mse: 35637428465221.75, rank: 91

[ 1.36952798e-02 -2.35820743e-02 -1.34489206e-01 -5.15708914e-01
 -1.67234679e-10 -1.84047793e-15 -4.95333953e-02  2.34799593e-05
 -1.96240999e-06 -1.62542322e-08  9.53607576e-10] train error: 66574104976.116806, validation error: 167478904589.8708

[ 1.15927500e-02 -3.41525218e-02 -1.31884729e-01 -5.38569692e-01
 -1.66206440e-10 -2.07758091e-15 -3.10331237e-02  2.52885671e-05
 -1.96965158e-06 -1.66371244e-08  9.53205435e-10] train error: 98669818648.38853, validation error: 161467794155.12115

[ 1.41599362e-02 -2.47091228e-02 -1.40278932e-01 -5.06504262e-01
 -1.77262815e-10 -2.13647300e-15 -3.45271252e-02  2.35976240e-05
 -1.96964272e-06 -1.61548728e-08  9.53326349e-10] train error: 181058002792.24454, validation error: 161117512770.18066

[ 1.37036139e-02 -1.78136211e-02 -1.30504718e-01 -4.82388321e-01
 -1.74735195e-10 -1.93551073e-15 -2.58632297e-02  2.28359146e-05
 -1.98856154e-06 -1.56845056e-08  9.52890496e-10] train error: 170376417943.1883, validation error: 175191602183.22675

[ 1.34253519e-02 -3.08246986e-02 -1.31660136e-01 -4.71696507e-01
 -1.73979397e-10 -2.09507994e-15 -2.79102981e-02  2.43542601e-05
 -1.96937974e-06 -1.65389547e-08  9.53306405e-10] train error: 181873232566.13385, validation error: 153317111074.13397

[ 1.49023638e-02 -2.04120426e-02 -1.48732839e-01 -5.20372100e-01
 -1.89770905e-10 -1.77637762e-15 -5.43495005e-02  2.27616249e-05
 -1.96944026e-06 -1.60603796e-08  9.53396432e-10] train error: 106565804996.52563, validation error: 163180842863.57855

[ 1.35820477e-02 -2.27056038e-02 -1.37375466e-01 -5.17916452e-01
 -1.81914995e-10 -1.77562558e-15 -5.46114216e-02  2.33710451e-05
 -1.96953655e-06 -1.60876525e-08  9.53428466e-10] train error: 55359421369.79459, validation error: 174052421565.20825

[ 1.39769321e-02 -2.59323330e-02 -1.23222951e-01 -4.53867923e-01
 -1.70491235e-10 -1.72124048e-15 -4.57985385e-02  2.43544084e-05
 -1.98627137e-06 -1.65170145e-08  9.56022624e-10] train error: 86050277190.56386, validation error: 150197906134.56577

[ 1.61777907e-02 -3.02244352e-02 -1.28961278e-01 -5.21943150e-01
 -1.86739832e-10 -1.79341241e-15 -2.66380178e-02  2.41722057e-05
 -1.96763509e-06 -1.65056241e-08  9.53587106e-10] train error: 66424077457.71681, validation error: 158276932328.46448, mse: 35752938286268.85, rank: 92

[ 1.40853896e-02 -2.66551003e-02 -1.38382459e-01 -5.20633143e-01
 -1.53878153e-10 -1.96362935e-15 -4.37260835e-02  2.36775610e-05
 -1.96614948e-06 -1.63765623e-08  9.53580249e-10] train error: 136777473558.00883, validation error: 152337788605.74323, mse: 36335840847312.91, rank: 92

[ 1.48316769e-02 -3.28973139e-02 -1.28961278e-01 -5.21943150e-01
 -1.78645277e-10 -1.95108732e-15 -2.52286710e-02  2.41722057e-05
 -1.96763509e-06 -1.65056241e-08  9.53587106e-10] train error: 117964370604.18416, validation error: 148099065756.93265

[ 1.46875276e-02 -1.89307930e-02 -1.32368921e-01 -5.17067062e-01
 -1.70804191e-10 -1.82058906e-15 -3.94686600e-02  2.41512242e-05
 -2.00024709e-06 -1.63286887e-08  9.61021953e-10] train error: 104997631309.2065, validation error: 156822674474.08878

[ 1.36019908e-02 -2.24777149e-02 -1.37475975e-01 -4.83886733e-01
 -1.79389687e-10 -1.74808934e-15 -4.90796780e-02  2.34133368e-05
 -2.00033466e-06 -1.60588801e-08  9.62663967e-10] train error: 72757161939.08145, validation error: 171798801175.16983

[ 1.35417994e-02 -2.15966146e-02 -1.39380417e-01 -5.11732385e-01
 -1.86004219e-10 -1.62474201e-15 -4.69490463e-02  2.24858978e-05
 -1.78461836e-06 -1.57463717e-08  8.70684101e-10] train error: 92053578868.9355, validation error: 110803839904.16101, mse: 35329739702477.22, rank: 90

[ 1.38754818e-02 -3.02244352e-02 -1.28961278e-01 -5.00742348e-01
 -1.86784066e-10 -1.93745061e-15 -2.66342968e-02  2.41722057e-05
 -1.96763509e-06 -1.65056241e-08  9.53587106e-10] train error: 112369212651.17758, validation error: 148108654427.37234

[ 1.31344790e-02 -2.24065431e-02 -1.37453390e-01 -5.17038488e-01
 -1.67915189e-10 -1.80634906e-15 -5.18273655e-02  2.27459368e-05
 -1.97150819e-06 -1.61067338e-08  9.59814118e-10] train error: 67207142546.76328, validation error: 177419106319.07425

[ 1.59469132e-02 -3.02244352e-02 -1.28961278e-01 -5.17152169e-01
 -1.94917754e-10 -1.77936309e-15 -2.78757755e-02  2.41722057e-05
 -1.96763509e-06 -1.65705722e-08  9.53587106e-10] train error: 75680005683.78777, validation error: 152216433105.51483

[ 1.49171793e-02 -2.92302533e-02 -1.37403442e-01 -4.86392134e-01
 -1.86685233e-10 -1.80574857e-15 -2.71045854e-02  2.41722057e-05
 -1.96763509e-06 -1.65056241e-08  9.53587106e-10] train error: 69257781056.2915, validation error: 156807917898.39618, mse: 35737861063444.92, rank: 92

[ 1.26459639e-02 -3.25942653e-02 -1.40194271e-01 -5.17608475e-01
 -1.85715659e-10 -1.94917625e-15 -4.74553687e-02  2.34485094e-05
 -1.96996614e-06 -1.60456981e-08  9.53465307e-10] train error: 90806402078.01021, validation error: 161966889990.29932

[ 1.61644761e-02 -3.27310875e-02 -1.16789591e-01 -5.21943150e-01
 -1.96285036e-10 -1.80776655e-15 -2.73578956e-02  2.41722057e-05
 -1.96763509e-06 -1.65056241e-08  9.53587106e-10] train error: 70359106868.68735, validation error: 156582155301.95828

[ 1.40006818e-02 -2.09999565e-02 -1.37404424e-01 -5.35723913e-01
 -1.86573632e-10 -1.83655326e-15 -4.57465687e-02  2.34928570e-05
 -1.97032848e-06 -1.63604338e-08  9.53445244e-10] train error: 130504795990.83623, validation error: 155739246661.5992

[ 1.34990633e-02 -3.09534135e-02 -1.27089632e-01 -5.17821661e-01
 -1.92355764e-10 -1.77851572e-15 -5.28543509e-02  2.33831677e-05
 -1.96966650e-06 -1.64426564e-08  9.53417451e-10] train error: 142359417742.26547, validation error: 161862879052.04742

[ 1.43910178e-02 -3.00914513e-02 -1.30079351e-01 -5.22206665e-01
 -1.57792880e-10 -1.82972400e-15 -6.09562683e-02  2.54647629e-05
 -1.97695459e-06 -1.60616867e-08  9.35422536e-10] train error: 106297982648.81186, validation error: 131619342706.2362

[ 1.48316769e-02 -3.06179187e-02 -1.28961278e-01 -5.21943150e-01
 -1.69523476e-10 -1.78445917e-15 -2.49332524e-02  2.37188958e-05
 -1.96763509e-06 -1.65056241e-08  9.53587106e-10] train error: 107710622337.84988, validation error: 151015046038.47943

[ 1.44365524e-02 -3.26954934e-02 -1.30081072e-01 -5.22161377e-01
 -1.83057474e-10 -1.81119290e-15 -5.51610133e-02  2.47704196e-05
 -1.97675513e-06 -1.57727843e-08  9.38331728e-10] train error: 66989984508.19991, validation error: 156349096952.396

[ 1.35112369e-02 -3.14123968e-02 -1.54262046e-01 -4.96967573e-01
 -1.92012011e-10 -1.95920054e-15 -2.66347651e-02  2.41722057e-05
 -1.96763509e-06 -1.65056241e-08  9.53587106e-10] train error: 120608133815.26897, validation error: 147894107945.44043

[ 1.42357210e-02 -2.64272366e-02 -1.36461349e-01 -5.01102808e-01
 -1.76097329e-10 -1.80984687e-15 -2.96906420e-02  2.44447971e-05
 -1.94073157e-06 -1.66817712e-08  9.37188036e-10] train error: 152466346777.3107, validation error: 136457583121.10774

[ 1.48358079e-02 -3.08182561e-02 -1.28961278e-01 -5.27275356e-01
 -1.94367861e-10 -1.88380622e-15 -2.75318089e-02  2.41722057e-05
 -1.96763509e-06 -1.65434801e-08  9.53587106e-10] train error: 103134715299.95995, validation error: 147844523561.87515

[ 1.62390863e-02 -3.02244352e-02 -1.28961278e-01 -5.17912075e-01
 -1.94861401e-10 -1.86039728e-15 -2.80383520e-02  2.36024617e-05
 -1.96763509e-06 -1.65617603e-08  9.53587106e-10] train error: 170362295687.50113, validation error: 163810815350.67

[ 1.37798019e-02 -3.04286376e-02 -1.42388315e-01 -5.06595576e-01
 -1.81513926e-10 -1.80371023e-15 -3.33437849e-02  2.42041348e-05
 -1.96772589e-06 -1.66324673e-08  9.56023098e-10] train error: 68687928412.48759, validation error: 158013125622.48395

[ 1.40941535e-02 -3.14174358e-02 -1.37334795e-01 -5.24743979e-01
 -1.96575994e-10 -1.88296275e-15 -6.83326900e-02  2.36337496e-05
 -1.97138966e-06 -1.64170678e-08  9.55096401e-10] train error: 130724351938.35103, validation error: 154101215985.8349

[ 1.63179907e-02 -3.03541812e-02 -1.28231410e-01 -5.41624698e-01
 -1.98251993e-10 -1.71489273e-15 -2.79445293e-02  2.35686535e-05
 -1.96763509e-06 -1.65965624e-08  9.53587106e-10] train error: 126146387788.24268, validation error: 157855262215.01602

[ 1.43347012e-02 -2.73593169e-02 -1.37817328e-01 -5.22245400e-01
 -1.71583188e-10 -1.82712945e-15 -5.08518865e-02  2.54944643e-05
 -1.97980527e-06 -1.60282718e-08  9.35296058e-10] train error: 111051961202.33235, validation error: 130809345201.29814

[ 1.43309511e-02 -4.04279685e-02 -1.38115642e-01 -5.02056227e-01
 -1.76807375e-10 -1.78729459e-15 -5.44195752e-02  2.51640986e-05
 -1.98254785e-06 -1.59909357e-08  9.37969297e-10] train error: 101168072388.16473, validation error: 134594793307.31705

[ 1.53947924e-02 -3.21187890e-02 -1.26795791e-01 -5.18119391e-01
 -2.00263402e-10 -1.74602100e-15 -2.85569910e-02  2.41722057e-05
 -1.96614038e-06 -1.65604951e-08  9.53587106e-10] train error: 58914846844.67262, validation error: 160847692379.8176

[ 1.43309511e-02 -4.04279685e-02 -1.38115642e-01 -5.02056227e-01
 -1.82164139e-10 -1.78729459e-15 -5.63069279e-02  2.47194842e-05
 -1.98254785e-06 -1.59909357e-08  9.37969297e-10] train error: 150006533337.21103, validation error: 142375772895.63388

[ 1.45511417e-02 -3.38551734e-02 -1.30273060e-01 -5.22090798e-01
 -1.85952218e-10 -1.76469679e-15 -4.36185424e-02  2.44648502e-05
 -1.93960983e-06 -1.66320346e-08  9.39794593e-10] train error: 80901819792.93874, validation error: 137474896513.1961

[ 1.43279173e-02 -2.60961063e-02 -1.37904296e-01 -5.21497585e-01
 -1.71666093e-10 -1.81681954e-15 -4.84928279e-02  2.54801950e-05
 -1.98025047e-06 -1.63728394e-08  9.37278292e-10] train error: 181027887472.4666, validation error: 142397481582.62677

[ 1.52195758e-02 -3.19179143e-02 -1.26663667e-01 -5.21943150e-01
 -1.95487412e-10 -1.83228335e-15 -2.46817690e-02  2.38009743e-05
 -1.96763509e-06 -1.65056241e-08  9.53587106e-10] train error: 115593011203.07024, validation error: 149913655628.82153

[ 1.62071768e-02 -3.27614264e-02 -1.08515543e-01 -4.99766831e-01
 -1.97701845e-10 -1.78377872e-15 -2.77036662e-02  2.41722057e-05
 -1.96763509e-06 -1.65992409e-08  9.53587106e-10] train error: 82986998729.40129, validation error: 149332661088.6425

[ 1.61777907e-02 -3.11475486e-02 -1.28961278e-01 -5.21943150e-01
 -1.93443404e-10 -1.79341241e-15 -2.66380178e-02  2.41722057e-05
 -1.96763509e-06 -1.65056241e-08  9.44672569e-10] train error: 186090989450.57474, validation error: 164619172869.68423

[ 1.45298757e-02 -3.23558604e-02 -1.31331033e-01 -5.21194017e-01
 -1.76573426e-10 -1.75724665e-15 -5.18186042e-02  2.42655233e-05
 -1.97598581e-06 -1.61821431e-08  9.46305514e-10] train error: 91053323626.93794, validation error: 145023930727.86322

[ 1.40566255e-02 -3.28238542e-02 -1.46957043e-01 -5.04536103e-01
 -2.16841042e-10 -1.82191206e-15 -2.85595890e-02  2.42958633e-05
 -1.96694100e-06 -1.66391104e-08  9.52397750e-10] train error: 103109957170.03499, validation error: 144194914654.8792

[ 1.40291833e-02 -2.93644568e-02 -1.29150569e-01 -5.19898860e-01
 -2.00908333e-10 -1.78300097e-15 -3.03472151e-02  2.42751478e-05
 -1.97832989e-06 -1.68213776e-08  9.55608427e-10] train error: 166988940903.43768, validation error: 163314702592.50452

[ 1.64672658e-02 -3.02244352e-02 -1.28961278e-01 -5.21943150e-01
 -1.86633258e-10 -1.83729977e-15 -2.90007584e-02  2.41722057e-05
 -1.97599664e-06 -1.65056241e-08  9.53587106e-10] train error: 120717871107.83481, validation error: 148028761195.43527

[ 1.39106209e-02 -3.38130346e-02 -1.35043999e-01 -4.87782281e-01
 -2.02206245e-10 -1.80842700e-15 -5.39051605e-02  2.59220313e-05
 -1.96158983e-06 -1.80059001e-08  9.60572455e-10] train error: 150025512939.98395, validation error: 133403512383.1882






















