Starting from init...
starting....

Errors:>>

XXXXX-----XXXXX
kid: [0. 0. 0. 0. 0. 0. 0. 0. 0. 0. 0.] train error: 2031280283262.183, validation error: 3624979221727.6943

kid: [ 0.          0.          0.          0.00563523  0.         -0.00042153
  0.          0.          0.          0.          0.        ] train error: 6.514492531924903e+34, validation error: 6.629189897901348e+34

kid: [ 0.          0.          0.         -0.00097701  0.          0.
  0.          0.          0.          0.01025205  0.        ] train error: 2.0271183837364614e+25, validation error: 3.886152647379673e+25

kid: [-0.00257568  0.          0.          0.          0.          0.
  0.          0.00444078  0.          0.          0.        ] train error: 7.062175469985114e+17, validation error: 1.3816315141283261e+18

kid: [0.         0.01894699 0.         0.         0.         0.
 0.         0.         0.         0.00365341 0.        ] train error: 2.574272162025518e+24, validation error: 4.935092963038322e+24

kid: [0.         0.00847533 0.         0.01914559 0.         0.
 0.         0.         0.         0.         0.        ] train error: 2032131188182.602, validation error: 3628914342638.827

kid: [ 0.          0.          0.          0.          0.          0.
  0.          0.00241678  0.         -0.00698363  0.        ] train error: 9.403531767367697e+24, validation error: 1.8027275665519216e+25

kid: [ 0.          0.          0.          0.         -0.00792784  0.
  0.          0.          0.          0.         -0.00557999] train error: 1.4130901685348475e+28, validation error: 2.6733904709707148e+28

kid: [0.0160497  0.         0.         0.         0.         0.
 0.         0.         0.         0.         0.01326666] train error: 7.987768958522597e+28, validation error: 1.5111863353112575e+29

kid: [ 0.          0.          0.          0.          0.          0.
  0.          0.         -0.00928915 -0.00927221  0.        ] train error: 1.7255046564509138e+25, validation error: 3.312616720276171e+25

kid: [ 0.          0.          0.          0.          0.          0.
  0.          0.          0.         -0.01422846 -0.00326038] train error: 5.715608141267874e+27, validation error: 1.0854060276370578e+28

kid: [ 0.          0.         -0.00732966  0.          0.          0.
  0.          0.          0.          0.          0.00378359] train error: 6.496978010740649e+27, validation error: 1.229147272629973e+28

kid: [ 0.          0.          0.         -0.00044638  0.         -0.01078432
  0.          0.          0.          0.          0.        ] train error: 4.263844541248024e+37, validation error: 4.338915889558436e+37

kid: [ 0.          0.          0.          0.          0.          0.00241643
  0.          0.         -0.00442334  0.          0.        ] train error: 2.1407473573609684e+36, validation error: 2.1784383721642434e+36

kid: [ 0.          0.          0.         -0.00434438  0.          0.
  0.         -0.00144659  0.          0.          0.        ] train error: 7.434410906318006e+16, validation error: 1.447999193872194e+17

kid: [ 0.          0.          0.          0.          0.00947798  0.
  0.          0.          0.         -0.01231259  0.        ] train error: 2.9238562886895823e+25, validation error: 5.605271194833439e+25

kid: [0.         0.         0.         0.         0.         0.
 0.         0.         0.         0.01306727 0.00621587] train error: 1.906007870310876e+28, validation error: 3.61299106444991e+28

kid: [ 0.          0.          0.          0.0104253   0.          0.
  0.          0.         -0.01303485  0.          0.        ] train error: 1.4030547763851587e+22, validation error: 2.7201888693380192e+22

kid: [ 0.00861396 -0.00385333  0.          0.          0.          0.
  0.          0.          0.          0.          0.        ] train error: 2031280251749.5786, validation error: 3624978851409.2188

kid: [ 0.          0.          0.          0.          0.          0.
  0.         -0.00305903  0.          0.00326179  0.        ] train error: 2.0503168019296666e+24, validation error: 3.930591641727997e+24

kid: [ 0.          0.          0.         -0.00342673  0.          0.
  0.          0.          0.         -0.00691496  0.        ] train error: 9.222226334636297e+24, validation error: 1.7679758785121431e+25

kid: [0.00635123 0.         0.         0.         0.         0.
 0.         0.         0.         0.0078186  0.        ] train error: 1.179004817025417e+25, validation error: 2.2602493134327345e+25

kid: [ 0.          0.          0.          0.          0.00010399  0.
  0.          0.          0.         -0.00984536  0.        ] train error: 1.8694764573254972e+25, validation error: 3.5839388578464186e+25

kid: [ 0.         -0.00442595  0.          0.          0.          0.
  0.          0.         -0.00805875  0.          0.        ] train error: 5.362816990883366e+21, validation error: 1.0397205544106514e+22

kid: [0.         0.00906004 0.         0.         0.         0.
 0.00641097 0.         0.         0.         0.        ] train error: 2031280392890.4773, validation error: 3624980140866.143

kid: [ 0.          0.          0.          0.          0.          0.
 -0.00436445 -0.00763125  0.          0.          0.        ] train error: 2.0790379025609108e+18, validation error: 4.0604137861314627e+18

kid: [ 0.          0.          0.          0.          0.          0.
  0.         -0.0053185   0.         -0.01593367  0.        ] train error: 4.897934480970912e+25, validation error: 9.389770908563755e+25

kid: [ 0.          0.          0.          0.          0.         -0.01149131
  0.         -0.0097482   0.          0.          0.        ] train error: 4.841223410088422e+37, validation error: 4.926460376145698e+37

kid: [ 0.          0.          0.          0.          0.         -0.00512381
  0.          0.          0.          0.         -0.01108048] train error: 9.626346348549366e+36, validation error: 9.796295559473546e+36

kid: [ 0.          0.          0.          0.          0.         -0.00187614
  0.          0.          0.          0.00565337  0.        ] train error: 1.2904616832318435e+36, validation error: 1.3131803769612335e+36

XXXXX-----XXXXX

---------


>>>>>>>>>

GENERATION : 1

Best of Pool:[0.         0.01894699 0.         0.         0.         0.
 0.         0.         0.         0.00365341 0.        ]->627.471217088078
Current Pool:
[[ 0.          0.          0.          0.          0.00010399  0.
   0.          0.          0.         -0.00984536  0.        ]
 [ 0.          0.          0.         -0.00097701  0.          0.
   0.          0.          0.          0.01025205  0.        ]
 [ 0.          0.          0.          0.          0.00947798  0.
   0.          0.          0.         -0.01231259  0.        ]
 [ 0.          0.          0.          0.          0.          0.
   0.         -0.0053185   0.         -0.01593367  0.        ]
 [ 0.00861396 -0.00385333  0.          0.          0.          0.
   0.          0.          0.          0.          0.        ]
 [ 0.          0.          0.          0.          0.          0.
   0.          0.          0.          0.          0.        ]
 [ 0.          0.00906004  0.          0.          0.          0.
   0.00641097  0.          0.          0.          0.        ]
 [ 0.          0.00847533  0.          0.01914559  0.          0.
   0.          0.          0.          0.          0.        ]
 [ 0.          0.          0.         -0.00434438  0.          0.
   0.         -0.00144659  0.          0.          0.        ]
 [-0.00257568  0.          0.          0.          0.          0.
   0.          0.00444078  0.          0.          0.        ]
 [ 0.          0.          0.          0.          0.          0.
  -0.00436445 -0.00763125  0.          0.          0.        ]
 [ 0.         -0.00442595  0.          0.          0.          0.
   0.          0.         -0.00805875  0.          0.        ]
 [ 0.          0.          0.          0.0104253   0.          0.
   0.          0.         -0.01303485  0.          0.        ]
 [ 0.          0.          0.          0.          0.          0.
   0.         -0.00305903  0.          0.00326179  0.        ]
 [ 0.          0.01894699  0.          0.          0.          0.
   0.          0.          0.          0.00365341  0.        ]]

....>>>>>....

XXXX-XXXX
Russian Roullette begins >>>


----
[0.         0.00906004 0.         0.         0.         0.
 0.00641097 0.         0.         0.         0.        ]x[0.         0.00847533 0.         0.01914559 0.         0.
 0.         0.         0.         0.         0.        ]---->
[0.         0.00859326 0.         0.01123102 0.         0.
 0.00218184 0.         0.         0.         0.        ]+[0.         0.00855677 0.         0.01222721 0.         0.
 0.00493627 0.         0.         0.         0.        ]
----


----
[ 0.00861396 -0.00385333  0.          0.          0.          0.
  0.          0.          0.          0.          0.        ]x[0.         0.00847533 0.         0.01914559 0.         0.
 0.         0.         0.         0.         0.        ]---->
[-0.00200919 -0.00483932  0.          0.01410592  0.          0.
  0.          0.          0.          0.          0.        ]+[-0.00126214  0.0107423   0.          0.01019356  0.          0.
  0.          0.          0.          0.          0.        ]
----


----
[ 0.00861396 -0.00385333  0.          0.          0.          0.
  0.          0.          0.          0.          0.        ]x[0. 0. 0. 0. 0. 0. 0. 0. 0. 0. 0.]---->
[ 0.00146744 -0.00163397  0.          0.          0.          0.
  0.          0.          0.          0.          0.        ]+[ 0.00310663 -0.00227919  0.          0.          0.          0.
  0.          0.          0.          0.          0.        ]
----


----
[ 0.00861396 -0.00385333  0.          0.          0.          0.
  0.          0.          0.          0.          0.        ]x[0. 0. 0. 0. 0. 0. 0. 0. 0. 0. 0.]---->
[-0.00483991  0.00029431  0.          0.          0.          0.
  0.          0.          0.          0.          0.        ]+[-0.00180108 -0.00203771  0.          0.          0.          0.
  0.          0.          0.          0.          0.        ]
----


----
[0.         0.00906004 0.         0.         0.         0.
 0.00641097 0.         0.         0.         0.        ]x[0.         0.00847533 0.         0.01914559 0.         0.
 0.         0.         0.         0.         0.        ]---->
[ 0.          0.00885601  0.         -0.01589027  0.          0.
  0.00386263  0.          0.          0.          0.        ]+[ 0.          0.00857035  0.         -0.00104821  0.          0.
 -0.00053134  0.          0.          0.          0.        ]
----


----
[0.         0.00906004 0.         0.         0.         0.
 0.00641097 0.         0.         0.         0.        ]x[0.         0.00847533 0.         0.01914559 0.         0.
 0.         0.         0.         0.         0.        ]---->
[0.         0.00899089 0.         0.00099991 0.         0.
 0.0014161  0.         0.         0.         0.        ]+[0.         0.00846792 0.         0.01963084 0.         0.
 0.00040919 0.         0.         0.         0.        ]
----


----
[0. 0. 0. 0. 0. 0. 0. 0. 0. 0. 0.]x[0.         0.00906004 0.         0.         0.         0.
 0.00641097 0.         0.         0.         0.        ]---->
[ 0.         -0.00497711  0.          0.          0.          0.
 -0.00082091  0.          0.          0.          0.        ]+[ 0.          0.00519751  0.          0.          0.          0.
 -0.00462971  0.          0.          0.          0.        ]
----


----
[0. 0. 0. 0. 0. 0. 0. 0. 0. 0. 0.]x[0.         0.00906004 0.         0.         0.         0.
 0.00641097 0.         0.         0.         0.        ]---->
[0.         0.00917751 0.         0.         0.         0.
 0.00676053 0.         0.         0.         0.        ]+[0.         0.01047717 0.         0.         0.         0.
 0.00763689 0.         0.         0.         0.        ]
----


Roullette Ends
XXXX-XXXX


Errors:>>

XXXXX-----XXXXX
kid: [0.         0.00859326 0.         0.01123102 0.         0.
 0.00218184 0.         0.         0.         0.        ] train error: 2031779326073.9915, validation error: 3627287707490.741

kid: [0.         0.00855677 0.         0.01222721 0.         0.
 0.00493627 0.         0.         0.         0.        ] train error: 2031823603276.5137, validation error: 3627492426512.29

kid: [-0.00200919 -0.00483932  0.          0.01410592  0.          0.
  0.          0.          0.          0.          0.        ] train error: 2031906948838.6523, validation error: 3627877161117.9297

kid: [-0.00126214  0.0107423   0.          0.01019356  0.          0.
  0.          0.          0.          0.          0.        ] train error: 2031733241716.7754, validation error: 3627074726394.336

kid: [ 0.00146744 -0.00163397  0.          0.          0.          0.
  0.          0.          0.          0.          0.        ] train error: 2031280266262.3965, validation error: 3624979059467.1104

kid: [ 0.00310663 -0.00227919  0.          0.          0.          0.
  0.          0.          0.          0.          0.        ] train error: 2031280261313.3723, validation error: 3624978997930.214

kid: [-0.00483991  0.00029431  0.          0.          0.          0.
  0.          0.          0.          0.          0.        ] train error: 2031280278708.5886, validation error: 3624979240003.3467

kid: [-0.00180108 -0.00203771  0.          0.          0.          0.
  0.          0.          0.          0.          0.        ] train error: 2031280256018.2878, validation error: 3624979010683.534

kid: [ 0.          0.00885601  0.         -0.01589027  0.          0.
  0.00386263  0.          0.          0.          0.        ] train error: 2030575194153.2983, validation error: 3621716472804.0703

kid: [ 0.          0.00857035  0.         -0.00104821  0.          0.
 -0.00012648  0.          0.          0.          0.        ] train error: 2031233840246.6968, validation error: 3624764756696.698

kid: [0.         0.00899089 0.         0.00099991 0.         0.
 0.00071706 0.         0.         0.         0.        ] train error: 2031324794423.9478, validation error: 3625185553476.828

kid: [0.         0.00846792 0.         0.01963084 0.         0.
 0.00040919 0.         0.         0.         0.        ] train error: 2032152768154.8464, validation error: 3629014084898.707

kid: [ 0.         -0.00497711  0.          0.          0.          0.
 -0.00049263  0.          0.          0.          0.        ] train error: 2031280223900.7378, validation error: 3624978716784.529

kid: [ 0.          0.00519751  0.          0.          0.          0.
 -0.00462971  0.          0.          0.          0.        ] train error: 2031280343787.7976, validation error: 3624979749061.2725

kid: [0.         0.00917751 0.         0.         0.         0.
 0.00676053 0.         0.         0.         0.        ] train error: 2031280394387.7422, validation error: 3624980152781.8813

XXXXX-----XXXXX

Best of Children: [0.         0.00846792 0.         0.01963084 0.         0.
 0.00040919 0.         0.         0.         0.        ]->626.2284579847467

>>>>>>>>>

GENERATION : 2

Best of Pool:[-0.00126214  0.0107423   0.          0.01019356  0.          0.
  0.          0.          0.          0.          0.        ]->628.4797041077097
Current Pool:
[[ 0.00861396 -0.00385333  0.          0.          0.          0.
   0.          0.          0.          0.          0.        ]
 [ 0.          0.          0.          0.          0.          0.
   0.          0.          0.          0.          0.        ]
 [ 0.          0.00906004  0.          0.          0.          0.
   0.00641097  0.          0.          0.          0.        ]
 [ 0.          0.00847533  0.          0.01914559  0.          0.
   0.          0.          0.          0.          0.        ]
 [ 0.          0.00885601  0.         -0.01589027  0.          0.
   0.00386263  0.          0.          0.          0.        ]
 [ 0.          0.00857035  0.         -0.00104821  0.          0.
  -0.00012648  0.          0.          0.          0.        ]
 [ 0.         -0.00497711  0.          0.          0.          0.
  -0.00049263  0.          0.          0.          0.        ]
 [ 0.00310663 -0.00227919  0.          0.          0.          0.
   0.          0.          0.          0.          0.        ]
 [-0.00180108 -0.00203771  0.          0.          0.          0.
   0.          0.          0.          0.          0.        ]
 [ 0.00146744 -0.00163397  0.          0.          0.          0.
   0.          0.          0.          0.          0.        ]
 [-0.00483991  0.00029431  0.          0.          0.          0.
   0.          0.          0.          0.          0.        ]
 [ 0.          0.00519751  0.          0.          0.          0.
  -0.00462971  0.          0.          0.          0.        ]
 [ 0.          0.00917751  0.          0.          0.          0.
   0.00676053  0.          0.          0.          0.        ]
 [ 0.          0.00899089  0.          0.00099991  0.          0.
   0.00071706  0.          0.          0.          0.        ]
 [-0.00126214  0.0107423   0.          0.01019356  0.          0.
   0.          0.          0.          0.          0.        ]]

....>>>>>....

XXXX-XXXX
Russian Roullette begins >>>


----
[ 0.00861396 -0.00385333  0.          0.          0.          0.
  0.          0.          0.          0.          0.        ]x[ 0.          0.00519751  0.          0.          0.          0.
 -0.00462971  0.          0.          0.          0.        ]---->
[-0.00122015 -0.00176139  0.          0.          0.          0.
 -0.00414916  0.          0.          0.          0.        ]+[ 0.00076529 -0.0003657   0.          0.          0.          0.
 -0.00473289  0.          0.          0.          0.        ]
----


----
[0.         0.00899089 0.         0.00099991 0.         0.
 0.00071706 0.         0.         0.         0.        ]x[-0.00126214  0.0107423   0.          0.01019356  0.          0.
  0.          0.          0.          0.          0.        ]---->
[-1.11422068e-03  1.04558585e-02  0.00000000e+00  1.10076020e-02
  0.00000000e+00  0.00000000e+00  6.41177859e-05  0.00000000e+00
  0.00000000e+00  0.00000000e+00  0.00000000e+00]+[-1.30066780e-03  1.05965556e-02  0.00000000e+00  1.10228015e-02
  0.00000000e+00  0.00000000e+00  9.80821443e-05  0.00000000e+00
  0.00000000e+00  0.00000000e+00  0.00000000e+00]
----


----
[ 0.          0.00857035  0.         -0.00104821  0.          0.
 -0.00012648  0.          0.          0.          0.        ]x[ 0.00310663 -0.00227919  0.          0.          0.          0.
  0.          0.          0.          0.          0.        ]---->
[-2.21792361e-03 -4.62881865e-04  0.00000000e+00 -4.92657271e-04
  0.00000000e+00  0.00000000e+00 -1.93628421e-05  0.00000000e+00
  0.00000000e+00  0.00000000e+00  0.00000000e+00]+[ 0.00449922  0.00218637  0.         -0.00093711  0.          0.
 -0.00010978  0.          0.          0.          0.        ]
----


----
[ 0.00861396 -0.00385333  0.          0.          0.          0.
  0.          0.          0.          0.          0.        ]x[0.         0.00847533 0.         0.01914559 0.         0.
 0.         0.         0.         0.         0.        ]---->
[-0.00109129  0.0085094   0.          0.00522116  0.          0.
  0.          0.          0.          0.          0.        ]+[-0.00120173  0.00378979  0.          0.02011281  0.          0.
  0.          0.          0.          0.          0.        ]
----


----
[ 0.          0.00857035  0.         -0.00104821  0.          0.
 -0.00012648  0.          0.          0.          0.        ]x[-0.00483991  0.00029431  0.          0.          0.          0.
  0.          0.          0.          0.          0.        ]---->
[-4.84793519e-03  8.43099002e-04  0.00000000e+00 -1.19770591e-03
  0.00000000e+00  0.00000000e+00 -5.20828875e-06  0.00000000e+00
  0.00000000e+00  0.00000000e+00  0.00000000e+00]+[-5.67821961e-03  2.03303133e-03  0.00000000e+00 -7.51448674e-04
  0.00000000e+00  0.00000000e+00 -4.44411404e-05  0.00000000e+00
  0.00000000e+00  0.00000000e+00  0.00000000e+00]
----


----
[0.         0.00906004 0.         0.         0.         0.
 0.00641097 0.         0.         0.         0.        ]x[0.         0.00917751 0.         0.         0.         0.
 0.00676053 0.         0.         0.         0.        ]---->
[0.         0.0091495  0.         0.         0.         0.
 0.00668803 0.         0.         0.         0.        ]+[0.         0.00908937 0.         0.         0.         0.
 0.00649414 0.         0.         0.         0.        ]
----


----
[ 0.00861396 -0.00385333  0.          0.          0.          0.
  0.          0.          0.          0.          0.        ]x[0. 0. 0. 0. 0. 0. 0. 0. 0. 0. 0.]---->
[0.00066701 0.00014603 0.         0.         0.         0.
 0.         0.         0.         0.         0.        ]+[ 1.42826131e-05 -8.76016055e-04  0.00000000e+00  0.00000000e+00
  0.00000000e+00  0.00000000e+00  0.00000000e+00  0.00000000e+00
  0.00000000e+00  0.00000000e+00  0.00000000e+00]
----


----
[ 0.         -0.00497711  0.          0.          0.          0.
 -0.00049263  0.          0.          0.          0.        ]x[0.         0.00899089 0.         0.00099991 0.         0.
 0.00071706 0.         0.         0.         0.        ]---->
[ 0.          0.00674424  0.          0.00092761  0.          0.
 -0.00014291  0.          0.          0.          0.        ]+[ 0.00000000e+00  1.23013483e-02  0.00000000e+00 -6.83585149e-05
  0.00000000e+00  0.00000000e+00 -6.79848312e-04  0.00000000e+00
  0.00000000e+00  0.00000000e+00  0.00000000e+00]
----


Roullette Ends
XXXX-XXXX


Errors:>>

XXXXX-----XXXXX
kid: [-0.00122015 -0.0009603   0.          0.          0.          0.
 -0.00101976  0.          0.          0.          0.        ] train error: 2031280269514.692, validation error: 3624979121387.339

kid: [ 0.00076529 -0.0003657   0.          0.          0.          0.
 -0.00473289  0.          0.          0.          0.        ] train error: 2031280278837.0442, validation error: 3624979186484.807

kid: [-1.11422068e-03  1.04558585e-02  0.00000000e+00  1.10076020e-02
  0.00000000e+00  0.00000000e+00  6.41177859e-05  0.00000000e+00
  0.00000000e+00  0.00000000e+00  0.00000000e+00] train error: 2031769416473.8813, validation error: 3627241982261.7705

kid: [-1.30066780e-03  1.05965556e-02  0.00000000e+00  7.41630844e-03
  0.00000000e+00  0.00000000e+00  9.80821443e-05  0.00000000e+00
  0.00000000e+00  0.00000000e+00  0.00000000e+00] train error: 2031609830034.3386, validation error: 3626504022662.586

kid: [-2.21792361e-03 -4.62881865e-04  0.00000000e+00 -4.92657271e-04
  0.00000000e+00  0.00000000e+00 -9.87454656e-06  0.00000000e+00
  0.00000000e+00  0.00000000e+00  0.00000000e+00] train error: 2031258397496.1274, validation error: 3624877961523.3423

kid: [ 0.00221192  0.00218637  0.         -0.00093711  0.          0.
 -0.00010978  0.          0.          0.          0.        ] train error: 2031238700825.754, validation error: 3624786936025.939

kid: [-0.00109129  0.0085094   0.          0.00522116  0.          0.
  0.          0.          0.          0.          0.        ] train error: 2031512280572.854, validation error: 3626052770356.9233

kid: [-0.00120173  0.00378979  0.          0.00437275  0.          0.
  0.          0.          0.          0.          0.        ] train error: 2031474535586.097, validation error: 3625877973395.926

kid: [-4.84793519e-03  9.07851242e-04  0.00000000e+00 -1.19770591e-03
  0.00000000e+00  0.00000000e+00 -5.20828875e-06  0.00000000e+00
  0.00000000e+00  0.00000000e+00  0.00000000e+00] train error: 2031227103008.991, validation error: 3624733256750.1187

kid: [-5.67821961e-03  1.46441482e-05  0.00000000e+00 -7.51448674e-04
  0.00000000e+00  0.00000000e+00 -4.44411404e-05  0.00000000e+00
  0.00000000e+00  0.00000000e+00  0.00000000e+00] train error: 2031246906044.636, validation error: 3624824838043.618

kid: [0.         0.0091495  0.         0.         0.         0.
 0.00668803 0.         0.         0.         0.        ] train error: 2031280394033.8757, validation error: 3624980149941.085

kid: [0.         0.00228454 0.         0.         0.         0.
 0.00649414 0.         0.         0.         0.        ] train error: 2031280312294.3647, validation error: 3624979453466.2954

kid: [0.00066701 0.00014603 0.         0.         0.         0.
 0.         0.         0.         0.         0.        ] train error: 2031280286109.8726, validation error: 3624979238138.922

kid: [ 1.42826131e-05 -8.76016055e-04  0.00000000e+00  0.00000000e+00
  0.00000000e+00  0.00000000e+00  0.00000000e+00  0.00000000e+00
  0.00000000e+00  0.00000000e+00  0.00000000e+00] train error: 2031280272862.483, validation error: 3624979132886.768

kid: [ 0.          0.00674424  0.          0.00092761  0.          0.
 -0.00014291  0.          0.          0.          0.        ] train error: 2031321556584.7554, validation error: 3625170471949.857

XXXXX-----XXXXX

Best of Children: [-1.11422068e-03  1.04558585e-02  0.00000000e+00  1.10076020e-02
  0.00000000e+00  0.00000000e+00  6.41177859e-05  0.00000000e+00
  0.00000000e+00  0.00000000e+00  0.00000000e+00]->626.7735475013774

>>>>>>>>>

GENERATION : 3

Best of Pool:[0. 0. 0. 0. 0. 0. 0. 0. 0. 0. 0.]->628.4797041077097
Current Pool:
[[ 0.00000000e+00  8.85601330e-03  0.00000000e+00 -1.58902695e-02
   0.00000000e+00  0.00000000e+00  3.86263113e-03  0.00000000e+00
   0.00000000e+00  0.00000000e+00  0.00000000e+00]
 [ 0.00000000e+00  8.57034999e-03  0.00000000e+00 -1.04820800e-03
   0.00000000e+00  0.00000000e+00 -1.26478511e-04  0.00000000e+00
   0.00000000e+00  0.00000000e+00  0.00000000e+00]
 [ 0.00000000e+00 -4.97710540e-03  0.00000000e+00  0.00000000e+00
   0.00000000e+00  0.00000000e+00 -4.92631453e-04  0.00000000e+00
   0.00000000e+00  0.00000000e+00  0.00000000e+00]
 [ 8.61395712e-03 -3.85332969e-03  0.00000000e+00  0.00000000e+00
   0.00000000e+00  0.00000000e+00  0.00000000e+00  0.00000000e+00
   0.00000000e+00  0.00000000e+00  0.00000000e+00]
 [-4.84793519e-03  9.07851242e-04  0.00000000e+00 -1.19770591e-03
   0.00000000e+00  0.00000000e+00 -5.20828875e-06  0.00000000e+00
   0.00000000e+00  0.00000000e+00  0.00000000e+00]
 [ 2.21191931e-03  2.18637484e-03  0.00000000e+00 -9.37114752e-04
   0.00000000e+00  0.00000000e+00 -1.09784594e-04  0.00000000e+00
   0.00000000e+00  0.00000000e+00  0.00000000e+00]
 [-5.67821961e-03  1.46441482e-05  0.00000000e+00 -7.51448674e-04
   0.00000000e+00  0.00000000e+00 -4.44411404e-05  0.00000000e+00
   0.00000000e+00  0.00000000e+00  0.00000000e+00]
 [-2.21792361e-03 -4.62881865e-04  0.00000000e+00 -4.92657271e-04
   0.00000000e+00  0.00000000e+00 -9.87454656e-06  0.00000000e+00
   0.00000000e+00  0.00000000e+00  0.00000000e+00]
 [ 3.10663009e-03 -2.27919379e-03  0.00000000e+00  0.00000000e+00
   0.00000000e+00  0.00000000e+00  0.00000000e+00  0.00000000e+00
   0.00000000e+00  0.00000000e+00  0.00000000e+00]
 [-1.80108197e-03 -2.03771221e-03  0.00000000e+00  0.00000000e+00
   0.00000000e+00  0.00000000e+00  0.00000000e+00  0.00000000e+00
   0.00000000e+00  0.00000000e+00  0.00000000e+00]
 [ 1.46743637e-03 -1.63397299e-03  0.00000000e+00  0.00000000e+00
   0.00000000e+00  0.00000000e+00  0.00000000e+00  0.00000000e+00
   0.00000000e+00  0.00000000e+00  0.00000000e+00]
 [-1.22014717e-03 -9.60298786e-04  0.00000000e+00  0.00000000e+00
   0.00000000e+00  0.00000000e+00 -1.01975567e-03  0.00000000e+00
   0.00000000e+00  0.00000000e+00  0.00000000e+00]
 [ 1.42826131e-05 -8.76016055e-04  0.00000000e+00  0.00000000e+00
   0.00000000e+00  0.00000000e+00  0.00000000e+00  0.00000000e+00
   0.00000000e+00  0.00000000e+00  0.00000000e+00]
 [ 7.65293748e-04 -3.65697756e-04  0.00000000e+00  0.00000000e+00
   0.00000000e+00  0.00000000e+00 -4.73288966e-03  0.00000000e+00
   0.00000000e+00  0.00000000e+00  0.00000000e+00]
 [ 0.00000000e+00  0.00000000e+00  0.00000000e+00  0.00000000e+00
   0.00000000e+00  0.00000000e+00  0.00000000e+00  0.00000000e+00
   0.00000000e+00  0.00000000e+00  0.00000000e+00]]

....>>>>>....

XXXX-XXXX
Russian Roullette begins >>>


----
[-2.21792361e-03 -4.62881865e-04  0.00000000e+00 -4.92657271e-04
  0.00000000e+00  0.00000000e+00 -9.87454656e-06  0.00000000e+00
  0.00000000e+00  0.00000000e+00  0.00000000e+00]x[ 0.00076529 -0.0003657   0.          0.          0.          0.
 -0.00473289  0.          0.          0.          0.        ]---->
[ 0.00126705 -0.0004091   0.         -0.0003964   0.          0.
 -0.00380955  0.          0.          0.          0.        ]+[-0.00195587 -0.00045527  0.         -0.00061768  0.          0.
 -0.00582486  0.          0.          0.          0.        ]
----


----
[-5.67821961e-03  1.46441482e-05  0.00000000e+00 -7.51448674e-04
  0.00000000e+00  0.00000000e+00 -4.44411404e-05  0.00000000e+00
  0.00000000e+00  0.00000000e+00  0.00000000e+00]x[0. 0. 0. 0. 0. 0. 0. 0. 0. 0. 0.]---->
[-6.22949398e-03 -9.68744867e-06  0.00000000e+00 -8.97705621e-04
  0.00000000e+00  0.00000000e+00 -4.37466544e-05  0.00000000e+00
  0.00000000e+00  0.00000000e+00  0.00000000e+00]+[ 1.28506069e-03 -7.51812364e-06  0.00000000e+00  1.37868795e-04
  0.00000000e+00  0.00000000e+00  1.52634407e-05  0.00000000e+00
  0.00000000e+00  0.00000000e+00  0.00000000e+00]
----


----
[ 0.00310663 -0.00227919  0.          0.          0.          0.
  0.          0.          0.          0.          0.        ]x[ 0.00146744 -0.00163397  0.          0.          0.          0.
  0.          0.          0.          0.          0.        ]---->
[ 0.00125088 -0.0020401   0.          0.          0.          0.
  0.          0.          0.          0.          0.        ]+[ 0.00065176 -0.00239077  0.          0.          0.          0.
  0.          0.          0.          0.          0.        ]
----


----
[ 0.          0.00857035  0.         -0.00104821  0.          0.
 -0.00012648  0.          0.          0.          0.        ]x[-2.21792361e-03 -4.62881865e-04  0.00000000e+00 -4.92657271e-04
  0.00000000e+00  0.00000000e+00 -9.87454656e-06  0.00000000e+00
  0.00000000e+00  0.00000000e+00  0.00000000e+00]---->
[-0.00250263 -0.00238691  0.         -0.00083373  0.          0.
 -0.00011189  0.          0.          0.          0.        ]+[-0.00260792 -0.00208701  0.         -0.00105019  0.          0.
 -0.00010692  0.          0.          0.          0.        ]
----


----
[-5.67821961e-03  1.46441482e-05  0.00000000e+00 -7.51448674e-04
  0.00000000e+00  0.00000000e+00 -4.44411404e-05  0.00000000e+00
  0.00000000e+00  0.00000000e+00  0.00000000e+00]x[ 0.00310663 -0.00227919  0.          0.          0.          0.
  0.          0.          0.          0.          0.        ]---->
[-6.17954450e-03 -3.11378436e-03  0.00000000e+00 -6.93421211e-04
  0.00000000e+00  0.00000000e+00  2.26296453e-05  0.00000000e+00
  0.00000000e+00  0.00000000e+00  0.00000000e+00]+[ 2.68939222e-03 -2.63159817e-03  0.00000000e+00 -4.63018516e-04
  0.00000000e+00  0.00000000e+00 -2.20065483e-05  0.00000000e+00
  0.00000000e+00  0.00000000e+00  0.00000000e+00]
----


----
[ 0.          0.00857035  0.         -0.00104821  0.          0.
 -0.00012648  0.          0.          0.          0.        ]x[-2.21792361e-03 -4.62881865e-04  0.00000000e+00 -4.92657271e-04
  0.00000000e+00  0.00000000e+00 -9.87454656e-06  0.00000000e+00
  0.00000000e+00  0.00000000e+00  0.00000000e+00]---->
[-2.21231418e-03  2.83608388e-03  0.00000000e+00 -1.39065803e-03
  0.00000000e+00  0.00000000e+00  3.42019288e-06  0.00000000e+00
  0.00000000e+00  0.00000000e+00  0.00000000e+00]+[-0.00121055  0.00285828  0.         -0.00143026  0.          0.
 -0.00015118  0.          0.          0.          0.        ]
----


----
[ 0.00861396 -0.00385333  0.          0.          0.          0.
  0.          0.          0.          0.          0.        ]x[ 1.42826131e-05 -8.76016055e-04  0.00000000e+00  0.00000000e+00
  0.00000000e+00  0.00000000e+00  0.00000000e+00  0.00000000e+00
  0.00000000e+00  0.00000000e+00  0.00000000e+00]---->
[-0.00366975 -0.00226404  0.          0.          0.          0.
  0.          0.          0.          0.          0.        ]+[-0.00393831 -0.00299043  0.          0.          0.          0.
  0.          0.          0.          0.          0.        ]
----


----
[-4.84793519e-03  9.07851242e-04  0.00000000e+00 -1.19770591e-03
  0.00000000e+00  0.00000000e+00 -5.20828875e-06  0.00000000e+00
  0.00000000e+00  0.00000000e+00  0.00000000e+00]x[-0.00122015 -0.0009603   0.          0.          0.          0.
 -0.00101976  0.          0.          0.          0.        ]---->
[-0.00266139 -0.00086605  0.         -0.00081707  0.          0.
 -0.00096331  0.          0.          0.          0.        ]+[-0.00538923 -0.00086616  0.         -0.00076814  0.          0.
 -0.00089284  0.          0.          0.          0.        ]
----


Roullette Ends
XXXX-XXXX


Errors:>>

XXXXX-----XXXXX
kid: [ 0.00126705 -0.0004091   0.         -0.0003964   0.          0.
 -0.00380955  0.          0.          0.          0.        ] train error: 2031262677281.6577, validation error: 3624897750385.0195

kid: [-0.00195587 -0.00045527  0.         -0.00061768  0.          0.
 -0.00505704  0.          0.          0.          0.        ] train error: 2031252844977.233, validation error: 3624852279071.151

kid: [-6.22949398e-03 -9.68744867e-06  0.00000000e+00 -8.97705621e-04
  0.00000000e+00  0.00000000e+00 -4.37466544e-05  0.00000000e+00
  0.00000000e+00  0.00000000e+00  0.00000000e+00] train error: 2031240410550.4746, validation error: 3624794788797.487

kid: [ 1.28506069e-03 -7.51812364e-06  0.00000000e+00  1.37868795e-04
  0.00000000e+00  0.00000000e+00  1.52634407e-05  0.00000000e+00
  0.00000000e+00  0.00000000e+00  0.00000000e+00] train error: 2031286407560.6863, validation error: 3625007547066.667

kid: [ 0.00125088 -0.0020401   0.          0.          0.          0.
  0.          0.          0.          0.          0.        ] train error: 2031280261069.5903, validation error: 3624979017745.8423

kid: [ 0.00065176 -0.00239077  0.          0.          0.          0.
  0.          0.          0.          0.          0.        ] train error: 2031280255899.8938, validation error: 3624978980735.2734

kid: [-0.00250263 -0.00238691  0.         -0.00083373  0.          0.
 -0.00011189  0.          0.          0.          0.        ] train error: 2031243229155.023, validation error: 3624807698925.074

kid: [-0.00260792 -0.00208701  0.         -0.00105019  0.          0.
 -0.00010692  0.          0.          0.          0.        ] train error: 2031233620971.7095, validation error: 3624763261421.4155

kid: [-6.17954450e-03 -3.11378436e-03  0.00000000e+00 -6.93421211e-04
  0.00000000e+00  0.00000000e+00  2.26296453e-05  0.00000000e+00
  0.00000000e+00  0.00000000e+00  0.00000000e+00] train error: 2031249444638.7922, validation error: 3624836440034.341

kid: [ 2.68939222e-03 -2.63159817e-03  0.00000000e+00 -4.63018516e-04
  0.00000000e+00  0.00000000e+00 -2.20065483e-05  0.00000000e+00
  0.00000000e+00  0.00000000e+00  0.00000000e+00] train error: 2031259695950.0754, validation error: 3624883841976.3804

kid: [-2.27385975e-04  2.83608388e-03  0.00000000e+00 -7.19818471e-04
  0.00000000e+00  0.00000000e+00  3.42019288e-06  0.00000000e+00
  0.00000000e+00  0.00000000e+00  0.00000000e+00] train error: 2031248353192.2942, validation error: 3624831635114.8413

kid: [-0.00121055  0.00285828  0.         -0.00153502  0.          0.
 -0.00015118  0.          0.          0.          0.        ] train error: 2031212155210.1958, validation error: 3624664171234.7876

kid: [-0.00366975 -0.00226404  0.          0.          0.          0.
  0.          0.          0.          0.          0.        ] train error: 2031280250215.077, validation error: 3624978983249.4336

kid: [-0.00393831 -0.00299043  0.          0.          0.          0.
  0.          0.          0.          0.          0.        ] train error: 2031280241124.942, validation error: 3624978908911.4126

kid: [-0.00266139 -0.00078645  0.         -0.00081707  0.          0.
 -0.00096331  0.          0.          0.          0.        ] train error: 2031243987408.2644, validation error: 3624811283187.8447

XXXXX-----XXXXX

Best of Children: [ 1.28506069e-03 -7.51812364e-06  0.00000000e+00  1.37868795e-04
  0.00000000e+00  0.00000000e+00  1.52634407e-05  0.00000000e+00
  0.00000000e+00  0.00000000e+00  0.00000000e+00]->627.4623428223952

>>>>>>>>>

GENERATION : 4

Best of Pool:[ 2.68939222e-03 -2.63159817e-03  0.00000000e+00 -4.63018516e-04
  0.00000000e+00  0.00000000e+00 -2.20065483e-05  0.00000000e+00
  0.00000000e+00  0.00000000e+00  0.00000000e+00]->628.4797041077097
Current Pool:
[[ 0.00000000e+00  8.85601330e-03  0.00000000e+00 -1.58902695e-02
   0.00000000e+00  0.00000000e+00  3.86263113e-03  0.00000000e+00
   0.00000000e+00  0.00000000e+00  0.00000000e+00]
 [-4.84793519e-03  9.07851242e-04  0.00000000e+00 -1.19770591e-03
   0.00000000e+00  0.00000000e+00 -5.20828875e-06  0.00000000e+00
   0.00000000e+00  0.00000000e+00  0.00000000e+00]
 [ 0.00000000e+00  8.57034999e-03  0.00000000e+00 -1.04820800e-03
   0.00000000e+00  0.00000000e+00 -1.26478511e-04  0.00000000e+00
   0.00000000e+00  0.00000000e+00  0.00000000e+00]
 [ 2.21191931e-03  2.18637484e-03  0.00000000e+00 -9.37114752e-04
   0.00000000e+00  0.00000000e+00 -1.09784594e-04  0.00000000e+00
   0.00000000e+00  0.00000000e+00  0.00000000e+00]
 [-1.21054989e-03  2.85827960e-03  0.00000000e+00 -1.53501512e-03
   0.00000000e+00  0.00000000e+00 -1.51183318e-04  0.00000000e+00
   0.00000000e+00  0.00000000e+00  0.00000000e+00]
 [-2.60791518e-03 -2.08700889e-03  0.00000000e+00 -1.05019331e-03
   0.00000000e+00  0.00000000e+00 -1.06920311e-04  0.00000000e+00
   0.00000000e+00  0.00000000e+00  0.00000000e+00]
 [-6.22949398e-03 -9.68744867e-06  0.00000000e+00 -8.97705621e-04
   0.00000000e+00  0.00000000e+00 -4.37466544e-05  0.00000000e+00
   0.00000000e+00  0.00000000e+00  0.00000000e+00]
 [-2.50262557e-03 -2.38690760e-03  0.00000000e+00 -8.33730341e-04
   0.00000000e+00  0.00000000e+00 -1.11891199e-04  0.00000000e+00
   0.00000000e+00  0.00000000e+00  0.00000000e+00]
 [-2.66138987e-03 -7.86448206e-04  0.00000000e+00 -8.17071228e-04
   0.00000000e+00  0.00000000e+00 -9.63309164e-04  0.00000000e+00
   0.00000000e+00  0.00000000e+00  0.00000000e+00]
 [-5.67821961e-03  1.46441482e-05  0.00000000e+00 -7.51448674e-04
   0.00000000e+00  0.00000000e+00 -4.44411404e-05  0.00000000e+00
   0.00000000e+00  0.00000000e+00  0.00000000e+00]
 [-2.27385975e-04  2.83608388e-03  0.00000000e+00 -7.19818471e-04
   0.00000000e+00  0.00000000e+00  3.42019288e-06  0.00000000e+00
   0.00000000e+00  0.00000000e+00  0.00000000e+00]
 [-6.17954450e-03 -3.11378436e-03  0.00000000e+00 -6.93421211e-04
   0.00000000e+00  0.00000000e+00  2.26296453e-05  0.00000000e+00
   0.00000000e+00  0.00000000e+00  0.00000000e+00]
 [-1.95587298e-03 -4.55266870e-04  0.00000000e+00 -6.17681705e-04
   0.00000000e+00  0.00000000e+00 -5.05703739e-03  0.00000000e+00
   0.00000000e+00  0.00000000e+00  0.00000000e+00]
 [-2.21792361e-03 -4.62881865e-04  0.00000000e+00 -4.92657271e-04
   0.00000000e+00  0.00000000e+00 -9.87454656e-06  0.00000000e+00
   0.00000000e+00  0.00000000e+00  0.00000000e+00]
 [ 2.68939222e-03 -2.63159817e-03  0.00000000e+00 -4.63018516e-04
   0.00000000e+00  0.00000000e+00 -2.20065483e-05  0.00000000e+00
   0.00000000e+00  0.00000000e+00  0.00000000e+00]]

....>>>>>....

XXXX-XXXX
Russian Roullette begins >>>


----
[-5.67821961e-03  1.46441482e-05  0.00000000e+00 -7.51448674e-04
  0.00000000e+00  0.00000000e+00 -4.44411404e-05  0.00000000e+00
  0.00000000e+00  0.00000000e+00  0.00000000e+00]x[-6.17954450e-03 -3.11378436e-03  0.00000000e+00 -6.93421211e-04
  0.00000000e+00  0.00000000e+00  2.26296453e-05  0.00000000e+00
  0.00000000e+00  0.00000000e+00  0.00000000e+00]---->
[-6.01107253e-03 -2.25392537e-03  0.00000000e+00 -7.39768189e-04
  0.00000000e+00  0.00000000e+00 -4.12233220e-05  0.00000000e+00
  0.00000000e+00  0.00000000e+00  0.00000000e+00]+[-6.37262652e-03 -4.17599868e-03  0.00000000e+00 -7.81691583e-04
  0.00000000e+00  0.00000000e+00  4.95077148e-05  0.00000000e+00
  0.00000000e+00  0.00000000e+00  0.00000000e+00]
----


----
[ 0.          0.00857035  0.         -0.00104821  0.          0.
 -0.00012648  0.          0.          0.          0.        ]x[ 2.68939222e-03 -2.63159817e-03  0.00000000e+00 -4.63018516e-04
  0.00000000e+00  0.00000000e+00 -2.20065483e-05  0.00000000e+00
  0.00000000e+00  0.00000000e+00  0.00000000e+00]---->
[ 2.18958490e-03  2.23545316e-03  0.00000000e+00 -1.28468736e-03
  0.00000000e+00  0.00000000e+00  2.22224984e-05  0.00000000e+00
  0.00000000e+00  0.00000000e+00  0.00000000e+00]+[ 3.65696858e-03 -2.83979063e-03  0.00000000e+00 -6.92691131e-04
  0.00000000e+00  0.00000000e+00 -8.13135239e-05  0.00000000e+00
  0.00000000e+00  0.00000000e+00  0.00000000e+00]
----


----
[-4.84793519e-03  9.07851242e-04  0.00000000e+00 -1.19770591e-03
  0.00000000e+00  0.00000000e+00 -5.20828875e-06  0.00000000e+00
  0.00000000e+00  0.00000000e+00  0.00000000e+00]x[-6.17954450e-03 -3.11378436e-03  0.00000000e+00 -6.93421211e-04
  0.00000000e+00  0.00000000e+00  2.26296453e-05  0.00000000e+00
  0.00000000e+00  0.00000000e+00  0.00000000e+00]---->
[-7.09571342e-03 -5.30629140e-03  0.00000000e+00 -1.00127956e-03
  0.00000000e+00  0.00000000e+00 -1.89177274e-06  0.00000000e+00
  0.00000000e+00  0.00000000e+00  0.00000000e+00]+[-6.32003311e-03 -7.56556428e-04  0.00000000e+00 -1.15307810e-03
  0.00000000e+00  0.00000000e+00  2.20931365e-05  0.00000000e+00
  0.00000000e+00  0.00000000e+00  0.00000000e+00]
----


----
[ 0.00221192  0.00218637  0.         -0.00093711  0.          0.
 -0.00010978  0.          0.          0.          0.        ]x[-0.00195587 -0.00045527  0.         -0.00061768  0.          0.
 -0.00505704  0.          0.          0.          0.        ]---->
[-0.00285711 -0.00191587  0.         -0.00045316  0.          0.
 -0.00609174  0.          0.          0.          0.        ]+[-0.00103094  0.0001674   0.         -0.00108934  0.          0.
 -0.00510032  0.          0.          0.          0.        ]
----


----
[-0.00266139 -0.00078645  0.         -0.00081707  0.          0.
 -0.00096331  0.          0.          0.          0.        ]x[-5.67821961e-03  1.46441482e-05  0.00000000e+00 -7.51448674e-04
  0.00000000e+00  0.00000000e+00 -4.44411404e-05  0.00000000e+00
  0.00000000e+00  0.00000000e+00  0.00000000e+00]---->
[-0.00656188 -0.00030976  0.         -0.00079916  0.          0.
  0.00013106  0.          0.          0.          0.        ]+[-5.78421742e-03 -4.91704639e-04  0.00000000e+00 -7.85266374e-04
  0.00000000e+00  0.00000000e+00 -7.71996231e-05  0.00000000e+00
  0.00000000e+00  0.00000000e+00  0.00000000e+00]
----


----
[-0.00121055  0.00285828  0.         -0.00153502  0.          0.
 -0.00015118  0.          0.          0.          0.        ]x[-2.27385975e-04  2.83608388e-03  0.00000000e+00 -7.19818471e-04
  0.00000000e+00  0.00000000e+00  3.42019288e-06  0.00000000e+00
  0.00000000e+00  0.00000000e+00  0.00000000e+00]---->
[-0.00076065  0.00284248  0.         -0.00183867  0.          0.
 -0.00021055  0.          0.          0.          0.        ]+[-3.07862572e-05  2.84572027e-03  0.00000000e+00 -1.00008060e-03
  0.00000000e+00  0.00000000e+00 -1.71850644e-04  0.00000000e+00
  0.00000000e+00  0.00000000e+00  0.00000000e+00]
----


----
[-2.27385975e-04  2.83608388e-03  0.00000000e+00 -7.19818471e-04
  0.00000000e+00  0.00000000e+00  3.42019288e-06  0.00000000e+00
  0.00000000e+00  0.00000000e+00  0.00000000e+00]x[ 2.68939222e-03 -2.63159817e-03  0.00000000e+00 -4.63018516e-04
  0.00000000e+00  0.00000000e+00 -2.20065483e-05  0.00000000e+00
  0.00000000e+00  0.00000000e+00  0.00000000e+00]---->
[-6.53255859e-04 -5.13510429e-03  0.00000000e+00 -8.54026221e-04
  0.00000000e+00  0.00000000e+00 -8.54384287e-06  0.00000000e+00
  0.00000000e+00  0.00000000e+00  0.00000000e+00]+[-1.44362676e-03 -3.37432217e-04  0.00000000e+00 -5.21264487e-04
  0.00000000e+00  0.00000000e+00 -2.37972366e-05  0.00000000e+00
  0.00000000e+00  0.00000000e+00  0.00000000e+00]
----


----
[ 0.          0.00857035  0.         -0.00104821  0.          0.
 -0.00012648  0.          0.          0.          0.        ]x[-6.22949398e-03 -9.68744867e-06  0.00000000e+00 -8.97705621e-04
  0.00000000e+00  0.00000000e+00 -4.37466544e-05  0.00000000e+00
  0.00000000e+00  0.00000000e+00  0.00000000e+00]---->
[-5.70436431e-03  3.06227987e-03  0.00000000e+00 -1.00081942e-03
  0.00000000e+00  0.00000000e+00 -1.89952885e-05  0.00000000e+00
  0.00000000e+00  0.00000000e+00  0.00000000e+00]+[-0.00866897  0.00232314  0.         -0.00106838  0.          0.
 -0.00011276  0.          0.          0.          0.        ]
----


Roullette Ends
XXXX-XXXX


Errors:>>

XXXXX-----XXXXX
kid: [-6.01107253e-03 -2.25392537e-03  0.00000000e+00 -2.55476661e-04
  0.00000000e+00  0.00000000e+00 -4.12233220e-05  0.00000000e+00
  0.00000000e+00  0.00000000e+00  0.00000000e+00] train error: 2031268901822.4097, validation error: 3624926495220.1616

kid: [-6.37262652e-03 -4.17599868e-03  0.00000000e+00 -7.81691583e-04
  0.00000000e+00  0.00000000e+00  1.25932197e-05  0.00000000e+00
  0.00000000e+00  0.00000000e+00  0.00000000e+00] train error: 2031245512158.1062, validation error: 3624818198445.657

kid: [ 2.18958490e-03  2.23545316e-03  0.00000000e+00 -1.28468736e-03
  0.00000000e+00  0.00000000e+00  2.22224984e-05  0.00000000e+00
  0.00000000e+00  0.00000000e+00  0.00000000e+00] train error: 2031223268384.8618, validation error: 3624715539957.3164

kid: [ 3.65696858e-03 -3.07046373e-03  0.00000000e+00 -6.92691131e-04
  0.00000000e+00  0.00000000e+00 -8.13135239e-05  0.00000000e+00
  0.00000000e+00  0.00000000e+00  0.00000000e+00] train error: 2031249493914.6711, validation error: 3624836617952.0093

kid: [-7.09571342e-03 -5.30629140e-03  0.00000000e+00 -1.93711748e-04
  0.00000000e+00  0.00000000e+00 -1.89177274e-06  0.00000000e+00
  0.00000000e+00  0.00000000e+00  0.00000000e+00] train error: 2031271606400.3406, validation error: 3624938871495.165

kid: [-6.32003311e-03 -7.56556428e-04  0.00000000e+00 -1.15307810e-03
  0.00000000e+00  0.00000000e+00  2.20931365e-05  0.00000000e+00
  0.00000000e+00  0.00000000e+00  0.00000000e+00] train error: 2031229062333.431, validation error: 3624742252135.204

kid: [-0.00285711 -0.00191587  0.         -0.00045316  0.          0.
 -0.00609174  0.          0.          0.          0.        ] train error: 2031260131271.4363, validation error: 3624885926611.1196

kid: [-0.00103094  0.00014371  0.         -0.00108934  0.          0.
 -0.00510032  0.          0.          0.          0.        ] train error: 2031231910568.7473, validation error: 3624755450011.599

kid: [-0.0001772  -0.00030976  0.         -0.00079916  0.          0.
  0.00013106  0.          0.          0.          0.        ] train error: 2031244792840.3953, validation error: 3624815016963.665

kid: [-5.78421742e-03 -4.91704639e-04  0.00000000e+00 -5.90246462e-04
  0.00000000e+00  0.00000000e+00 -7.71996231e-05  0.00000000e+00
  0.00000000e+00  0.00000000e+00  0.00000000e+00] train error: 2031254057824.8418, validation error: 3624857902221.948

kid: [-0.00076065  0.00284248  0.         -0.00183867  0.          0.
 -0.00020828  0.          0.          0.          0.        ] train error: 2031198673507.308, validation error: 3624601793301.8843

kid: [-3.07862572e-05  2.84572027e-03  0.00000000e+00 -1.00008060e-03
  0.00000000e+00  0.00000000e+00 -1.71850644e-04  0.00000000e+00
  0.00000000e+00  0.00000000e+00  0.00000000e+00] train error: 2031235909060.1926, validation error: 3624774062575.7046

kid: [-6.53255859e-04 -5.13510429e-03  0.00000000e+00 -9.10138189e-04
  0.00000000e+00  0.00000000e+00 -8.54384287e-06  0.00000000e+00
  0.00000000e+00  0.00000000e+00  0.00000000e+00] train error: 2031239806821.4304, validation error: 3624791728156.993

kid: [-1.44362676e-03 -1.30293473e-04  0.00000000e+00 -5.21264487e-04
  0.00000000e+00  0.00000000e+00 -2.37972366e-05  0.00000000e+00
  0.00000000e+00  0.00000000e+00  0.00000000e+00] train error: 2031257132453.0044, validation error: 3624872120304.232

kid: [-5.70436431e-03  3.59646510e-03  0.00000000e+00 -1.00081942e-03
  0.00000000e+00  0.00000000e+00 -1.89952885e-05  0.00000000e+00
  0.00000000e+00  0.00000000e+00  0.00000000e+00] train error: 2031235875786.6206, validation error: 3624773973385.9

XXXXX-----XXXXX

Best of Children: [-7.09571342e-03 -5.30629140e-03  0.00000000e+00 -1.93711748e-04
  0.00000000e+00  0.00000000e+00 -1.89177274e-06  0.00000000e+00
  0.00000000e+00  0.00000000e+00  0.00000000e+00]->627.4835543795268

>>>>>>>>>

GENERATION : 5

Best of Pool:[-0.00250263 -0.00238691  0.         -0.00083373  0.          0.
 -0.00011189  0.          0.          0.          0.        ]->628.4797041077097
Current Pool:
[[ 0.00000000e+00  8.85601330e-03  0.00000000e+00 -1.58902695e-02
   0.00000000e+00  0.00000000e+00  3.86263113e-03  0.00000000e+00
   0.00000000e+00  0.00000000e+00  0.00000000e+00]
 [-1.21054989e-03  2.85827960e-03  0.00000000e+00 -1.53501512e-03
   0.00000000e+00  0.00000000e+00 -1.51183318e-04  0.00000000e+00
   0.00000000e+00  0.00000000e+00  0.00000000e+00]
 [-4.84793519e-03  9.07851242e-04  0.00000000e+00 -1.19770591e-03
   0.00000000e+00  0.00000000e+00 -5.20828875e-06  0.00000000e+00
   0.00000000e+00  0.00000000e+00  0.00000000e+00]
 [-2.60791518e-03 -2.08700889e-03  0.00000000e+00 -1.05019331e-03
   0.00000000e+00  0.00000000e+00 -1.06920311e-04  0.00000000e+00
   0.00000000e+00  0.00000000e+00  0.00000000e+00]
 [-7.60650361e-04  2.84247586e-03  0.00000000e+00 -1.83866696e-03
   0.00000000e+00  0.00000000e+00 -2.08281764e-04  0.00000000e+00
   0.00000000e+00  0.00000000e+00  0.00000000e+00]
 [ 2.18958490e-03  2.23545316e-03  0.00000000e+00 -1.28468736e-03
   0.00000000e+00  0.00000000e+00  2.22224984e-05  0.00000000e+00
   0.00000000e+00  0.00000000e+00  0.00000000e+00]
 [-6.32003311e-03 -7.56556428e-04  0.00000000e+00 -1.15307810e-03
   0.00000000e+00  0.00000000e+00  2.20931365e-05  0.00000000e+00
   0.00000000e+00  0.00000000e+00  0.00000000e+00]
 [-1.03094335e-03  1.43707859e-04  0.00000000e+00 -1.08933855e-03
   0.00000000e+00  0.00000000e+00 -5.10032143e-03  0.00000000e+00
   0.00000000e+00  0.00000000e+00  0.00000000e+00]
 [ 0.00000000e+00  8.57034999e-03  0.00000000e+00 -1.04820800e-03
   0.00000000e+00  0.00000000e+00 -1.26478511e-04  0.00000000e+00
   0.00000000e+00  0.00000000e+00  0.00000000e+00]
 [-5.70436431e-03  3.59646510e-03  0.00000000e+00 -1.00081942e-03
   0.00000000e+00  0.00000000e+00 -1.89952885e-05  0.00000000e+00
   0.00000000e+00  0.00000000e+00  0.00000000e+00]
 [-3.07862572e-05  2.84572027e-03  0.00000000e+00 -1.00008060e-03
   0.00000000e+00  0.00000000e+00 -1.71850644e-04  0.00000000e+00
   0.00000000e+00  0.00000000e+00  0.00000000e+00]
 [ 2.21191931e-03  2.18637484e-03  0.00000000e+00 -9.37114752e-04
   0.00000000e+00  0.00000000e+00 -1.09784594e-04  0.00000000e+00
   0.00000000e+00  0.00000000e+00  0.00000000e+00]
 [-6.53255859e-04 -5.13510429e-03  0.00000000e+00 -9.10138189e-04
   0.00000000e+00  0.00000000e+00 -8.54384287e-06  0.00000000e+00
   0.00000000e+00  0.00000000e+00  0.00000000e+00]
 [-6.22949398e-03 -9.68744867e-06  0.00000000e+00 -8.97705621e-04
   0.00000000e+00  0.00000000e+00 -4.37466544e-05  0.00000000e+00
   0.00000000e+00  0.00000000e+00  0.00000000e+00]
 [-2.50262557e-03 -2.38690760e-03  0.00000000e+00 -8.33730341e-04
   0.00000000e+00  0.00000000e+00 -1.11891199e-04  0.00000000e+00
   0.00000000e+00  0.00000000e+00  0.00000000e+00]]

....>>>>>....

XXXX-XXXX
Russian Roullette begins >>>


----
[-6.32003311e-03 -7.56556428e-04  0.00000000e+00 -1.15307810e-03
  0.00000000e+00  0.00000000e+00  2.20931365e-05  0.00000000e+00
  0.00000000e+00  0.00000000e+00  0.00000000e+00]x[-0.00250263 -0.00238691  0.         -0.00083373  0.          0.
 -0.00011189  0.          0.          0.          0.        ]---->
[ 0.00021071 -0.00253471  0.         -0.0007892   0.          0.
 -0.00016579  0.          0.          0.          0.        ]+[-0.00037064 -0.00318787  0.         -0.00083457  0.          0.
 -0.00012478  0.          0.          0.          0.        ]
----


----
[ 0.          0.00885601  0.         -0.01589027  0.          0.
  0.00386263  0.          0.          0.          0.        ]x[-0.00250263 -0.00238691  0.         -0.00083373  0.          0.
 -0.00011189  0.          0.          0.          0.        ]---->
[-0.00276624 -0.00471437  0.         -0.00350023  0.          0.
 -0.00080382  0.          0.          0.          0.        ]+[-0.00323654 -0.00366367  0.         -0.02114962  0.          0.
  0.00080437  0.          0.          0.          0.        ]
----


----
[-0.00121055  0.00285828  0.         -0.00153502  0.          0.
 -0.00015118  0.          0.          0.          0.        ]x[-4.84793519e-03  9.07851242e-04  0.00000000e+00 -1.19770591e-03
  0.00000000e+00  0.00000000e+00 -5.20828875e-06  0.00000000e+00
  0.00000000e+00  0.00000000e+00  0.00000000e+00]---->
[-0.00448642  0.00156778  0.         -0.00167354  0.          0.
 -0.0001204   0.          0.          0.          0.        ]+[-0.00384584  0.00186947  0.         -0.00110099  0.          0.
 -0.00026996  0.          0.          0.          0.        ]
----


----
[-3.07862572e-05  2.84572027e-03  0.00000000e+00 -1.00008060e-03
  0.00000000e+00  0.00000000e+00 -1.71850644e-04  0.00000000e+00
  0.00000000e+00  0.00000000e+00  0.00000000e+00]x[-0.00250263 -0.00238691  0.         -0.00083373  0.          0.
 -0.00011189  0.          0.          0.          0.        ]---->
[-0.00274688 -0.00057633  0.         -0.00085227  0.          0.
 -0.00017635  0.          0.          0.          0.        ]+[-0.00216765 -0.00119747  0.         -0.00104018  0.          0.
 -0.00014786  0.          0.          0.          0.        ]
----


----
[-6.32003311e-03 -7.56556428e-04  0.00000000e+00 -1.15307810e-03
  0.00000000e+00  0.00000000e+00  2.20931365e-05  0.00000000e+00
  0.00000000e+00  0.00000000e+00  0.00000000e+00]x[-0.00250263 -0.00238691  0.         -0.00083373  0.          0.
 -0.00011189  0.          0.          0.          0.        ]---->
[-5.11835367e-03 -1.26944552e-03  0.00000000e+00 -7.80780221e-04
  0.00000000e+00  0.00000000e+00 -4.93705349e-05  0.00000000e+00
  0.00000000e+00  0.00000000e+00  0.00000000e+00]+[-0.00308896 -0.00097591  0.         -0.00102038  0.          0.
 -0.00015479  0.          0.          0.          0.        ]
----


----
[-4.84793519e-03  9.07851242e-04  0.00000000e+00 -1.19770591e-03
  0.00000000e+00  0.00000000e+00 -5.20828875e-06  0.00000000e+00
  0.00000000e+00  0.00000000e+00  0.00000000e+00]x[ 0.          0.00857035  0.         -0.00104821  0.          0.
 -0.00012648  0.          0.          0.          0.        ]---->
[-0.0036497  -0.00222859  0.         -0.00115378  0.          0.
 -0.00013343  0.          0.          0.          0.        ]+[-8.18513954e-03  6.00130462e-03  0.00000000e+00 -1.19876240e-03
  0.00000000e+00  0.00000000e+00 -9.14365853e-05  0.00000000e+00
  0.00000000e+00  0.00000000e+00  0.00000000e+00]
----


----
[-0.00103094  0.00014371  0.         -0.00108934  0.          0.
 -0.00510032  0.          0.          0.          0.        ]x[-0.00260792 -0.00208701  0.         -0.00105019  0.          0.
 -0.00010692  0.          0.          0.          0.        ]---->
[-0.00163556 -0.00196501  0.         -0.00109659  0.          0.
  0.00079611  0.          0.          0.          0.        ]+[-0.00334005 -0.00133192  0.         -0.00106866  0.          0.
 -0.0010178   0.          0.          0.          0.        ]
----


----
[ 2.18958490e-03  2.23545316e-03  0.00000000e+00 -1.28468736e-03
  0.00000000e+00  0.00000000e+00  2.22224984e-05  0.00000000e+00
  0.00000000e+00  0.00000000e+00  0.00000000e+00]x[-0.00103094  0.00014371  0.         -0.00108934  0.          0.
 -0.00510032  0.          0.          0.          0.        ]---->
[-7.62838793e-05 -7.35645189e-04  0.00000000e+00 -1.05099836e-03
  0.00000000e+00  0.00000000e+00 -6.95952768e-03  0.00000000e+00
  0.00000000e+00  0.00000000e+00  0.00000000e+00]+[ 0.00140245 -0.00083299  0.         -0.00109183  0.          0.
 -0.00211931  0.          0.          0.          0.        ]
----


Roullette Ends
XXXX-XXXX


Errors:>>

XXXXX-----XXXXX
kid: [ 0.00021071 -0.00253471  0.         -0.0007892   0.          0.
 -0.00016579  0.          0.          0.          0.        ] train error: 2031245209151.9636, validation error: 3624816838078.082

kid: [-6.51541875e-05 -4.89958761e-04  0.00000000e+00 -8.34573465e-04
  0.00000000e+00  0.00000000e+00 -1.24782509e-04  0.00000000e+00
  0.00000000e+00  0.00000000e+00  0.00000000e+00] train error: 2031243218338.9785, validation error: 3624807724004.164

kid: [-1.48150872e-05 -4.71436646e-03  0.00000000e+00 -3.50022511e-03
  0.00000000e+00  0.00000000e+00 -8.03821201e-04  0.00000000e+00
  0.00000000e+00  0.00000000e+00  0.00000000e+00] train error: 2031124816504.5532, validation error: 3624259714214.882

kid: [-0.00323654 -0.00366367  0.         -0.02114962  0.          0.
  0.00080437  0.          0.          0.          0.        ] train error: 2030341823323.8074, validation error: 3620635329685.0483

kid: [-4.48642495e-03  1.56777985e-03  0.00000000e+00 -1.67353812e-03
  0.00000000e+00  0.00000000e+00 -8.58295675e-05  0.00000000e+00
  0.00000000e+00  0.00000000e+00  0.00000000e+00] train error: 2031205983917.192, validation error: 3624635576443.7334

kid: [-0.00384584  0.00186947  0.         -0.00110099  0.          0.
 -0.00026996  0.          0.          0.          0.        ] train error: 2031231410491.6235, validation error: 3624753225045.642

kid: [-0.00274688 -0.00057633  0.         -0.00085227  0.          0.
 -0.00017635  0.          0.          0.          0.        ] train error: 2031242426876.7585, validation error: 3624804072636.247

kid: [-0.00216765 -0.00119747  0.         -0.00104018  0.          0.
 -0.00014786  0.          0.          0.          0.        ] train error: 2031234077065.6284, validation error: 3624765410538.271

kid: [-5.11835367e-03 -1.26944552e-03  0.00000000e+00 -8.05629436e-04
  0.00000000e+00  0.00000000e+00 -4.93705349e-05  0.00000000e+00
  0.00000000e+00  0.00000000e+00  0.00000000e+00] train error: 2031244485886.3699, validation error: 3624813578781.593

kid: [-0.00308896 -0.00097591  0.         -0.00102038  0.          0.
 -0.00015479  0.          0.          0.          0.        ] train error: 2031234957078.6636, validation error: 3624769497090.737

kid: [-0.0036497  -0.00222859  0.         -0.00115378  0.          0.
 -0.00013343  0.          0.          0.          0.        ] train error: 2031229017845.1863, validation error: 3624741964025.1743

kid: [-5.05629170e-03  6.00130462e-03  0.00000000e+00 -1.19876240e-03
  0.00000000e+00  0.00000000e+00 -9.14365853e-05  0.00000000e+00
  0.00000000e+00  0.00000000e+00  0.00000000e+00] train error: 2031227116320.8481, validation error: 3624733555950.8877

kid: [-0.00163556 -0.00196501  0.         -0.00109659  0.          0.
  0.00019792  0.          0.          0.          0.        ] train error: 2031231563874.964, validation error: 3624753744364.0493

kid: [-0.00334005 -0.00133192  0.         -0.00051582  0.          0.
 -0.0010178   0.          0.          0.          0.        ] train error: 2031257356662.4214, validation error: 3624873113194.322

kid: [-7.62838793e-05 -7.35645189e-04  0.00000000e+00 -1.05099836e-03
  0.00000000e+00  0.00000000e+00 -3.59049407e-04  0.00000000e+00
  0.00000000e+00  0.00000000e+00  0.00000000e+00] train error: 2031233605444.1504, validation error: 3624763239199.202

XXXXX-----XXXXX

Best of Children: [-0.00334005 -0.00133192  0.         -0.00051582  0.          0.
 -0.0010178   0.          0.          0.          0.        ]->627.5038357905332

>>>>>>>>>

GENERATION : 6

Best of Pool:[-7.62838793e-05 -7.35645189e-04  0.00000000e+00 -1.05099836e-03
  0.00000000e+00  0.00000000e+00 -3.59049407e-04  0.00000000e+00
  0.00000000e+00  0.00000000e+00  0.00000000e+00]->628.8147414297788
Current Pool:
[[ 0.00000000e+00  8.85601330e-03  0.00000000e+00 -1.58902695e-02
   0.00000000e+00  0.00000000e+00  3.86263113e-03  0.00000000e+00
   0.00000000e+00  0.00000000e+00  0.00000000e+00]
 [-7.60650361e-04  2.84247586e-03  0.00000000e+00 -1.83866696e-03
   0.00000000e+00  0.00000000e+00 -2.08281764e-04  0.00000000e+00
   0.00000000e+00  0.00000000e+00  0.00000000e+00]
 [-1.21054989e-03  2.85827960e-03  0.00000000e+00 -1.53501512e-03
   0.00000000e+00  0.00000000e+00 -1.51183318e-04  0.00000000e+00
   0.00000000e+00  0.00000000e+00  0.00000000e+00]
 [ 2.18958490e-03  2.23545316e-03  0.00000000e+00 -1.28468736e-03
   0.00000000e+00  0.00000000e+00  2.22224984e-05  0.00000000e+00
   0.00000000e+00  0.00000000e+00  0.00000000e+00]
 [-3.23653511e-03 -3.66367247e-03  0.00000000e+00 -2.11496215e-02
   0.00000000e+00  0.00000000e+00  8.04372633e-04  0.00000000e+00
   0.00000000e+00  0.00000000e+00  0.00000000e+00]
 [-1.48150872e-05 -4.71436646e-03  0.00000000e+00 -3.50022511e-03
   0.00000000e+00  0.00000000e+00 -8.03821201e-04  0.00000000e+00
   0.00000000e+00  0.00000000e+00  0.00000000e+00]
 [-4.48642495e-03  1.56777985e-03  0.00000000e+00 -1.67353812e-03
   0.00000000e+00  0.00000000e+00 -8.58295675e-05  0.00000000e+00
   0.00000000e+00  0.00000000e+00  0.00000000e+00]
 [-4.84793519e-03  9.07851242e-04  0.00000000e+00 -1.19770591e-03
   0.00000000e+00  0.00000000e+00 -5.20828875e-06  0.00000000e+00
   0.00000000e+00  0.00000000e+00  0.00000000e+00]
 [-5.05629170e-03  6.00130462e-03  0.00000000e+00 -1.19876240e-03
   0.00000000e+00  0.00000000e+00 -9.14365853e-05  0.00000000e+00
   0.00000000e+00  0.00000000e+00  0.00000000e+00]
 [-3.64970452e-03 -2.22859029e-03  0.00000000e+00 -1.15378475e-03
   0.00000000e+00  0.00000000e+00 -1.33425895e-04  0.00000000e+00
   0.00000000e+00  0.00000000e+00  0.00000000e+00]
 [-6.32003311e-03 -7.56556428e-04  0.00000000e+00 -1.15307810e-03
   0.00000000e+00  0.00000000e+00  2.20931365e-05  0.00000000e+00
   0.00000000e+00  0.00000000e+00  0.00000000e+00]
 [-3.84584475e-03  1.86946819e-03  0.00000000e+00 -1.10098878e-03
   0.00000000e+00  0.00000000e+00 -2.69963745e-04  0.00000000e+00
   0.00000000e+00  0.00000000e+00  0.00000000e+00]
 [-1.63556193e-03 -1.96500624e-03  0.00000000e+00 -1.09659288e-03
   0.00000000e+00  0.00000000e+00  1.97921417e-04  0.00000000e+00
   0.00000000e+00  0.00000000e+00  0.00000000e+00]
 [-1.03094335e-03  1.43707859e-04  0.00000000e+00 -1.08933855e-03
   0.00000000e+00  0.00000000e+00 -5.10032143e-03  0.00000000e+00
   0.00000000e+00  0.00000000e+00  0.00000000e+00]
 [-7.62838793e-05 -7.35645189e-04  0.00000000e+00 -1.05099836e-03
   0.00000000e+00  0.00000000e+00 -3.59049407e-04  0.00000000e+00
   0.00000000e+00  0.00000000e+00  0.00000000e+00]]

....>>>>>....

XXXX-XXXX
Russian Roullette begins >>>


----
[-0.00076065  0.00284248  0.         -0.00183867  0.          0.
 -0.00020828  0.          0.          0.          0.        ]x[-4.48642495e-03  1.56777985e-03  0.00000000e+00 -1.67353812e-03
  0.00000000e+00  0.00000000e+00 -8.58295675e-05  0.00000000e+00
  0.00000000e+00  0.00000000e+00  0.00000000e+00]---->
[-6.82775502e-03  1.16577693e-03  0.00000000e+00 -1.91050763e-03
  0.00000000e+00  0.00000000e+00  5.35816779e-06  0.00000000e+00
  0.00000000e+00  0.00000000e+00  0.00000000e+00]+[-2.16050456e-03  2.00431349e-03  0.00000000e+00 -1.63880027e-03
  0.00000000e+00  0.00000000e+00 -9.21438379e-05  0.00000000e+00
  0.00000000e+00  0.00000000e+00  0.00000000e+00]
----


----
[-1.48150872e-05 -4.71436646e-03  0.00000000e+00 -3.50022511e-03
  0.00000000e+00  0.00000000e+00 -8.03821201e-04  0.00000000e+00
  0.00000000e+00  0.00000000e+00  0.00000000e+00]x[-6.32003311e-03 -7.56556428e-04  0.00000000e+00 -1.15307810e-03
  0.00000000e+00  0.00000000e+00  2.20931365e-05  0.00000000e+00
  0.00000000e+00  0.00000000e+00  0.00000000e+00]---->
[-3.77601748e-03  1.23954711e-03  0.00000000e+00 -3.91203487e-03
  0.00000000e+00  0.00000000e+00  6.80014753e-05  0.00000000e+00
  0.00000000e+00  0.00000000e+00  0.00000000e+00]+[-0.00441171 -0.00412364  0.         -0.00210676  0.          0.
 -0.0007112   0.          0.          0.          0.        ]
----


----
[-4.48642495e-03  1.56777985e-03  0.00000000e+00 -1.67353812e-03
  0.00000000e+00  0.00000000e+00 -8.58295675e-05  0.00000000e+00
  0.00000000e+00  0.00000000e+00  0.00000000e+00]x[-4.84793519e-03  9.07851242e-04  0.00000000e+00 -1.19770591e-03
  0.00000000e+00  0.00000000e+00 -5.20828875e-06  0.00000000e+00
  0.00000000e+00  0.00000000e+00  0.00000000e+00]---->
[-4.73488126e-03  1.27104814e-03  0.00000000e+00 -1.96920763e-03
  0.00000000e+00  0.00000000e+00 -9.90845933e-05  0.00000000e+00
  0.00000000e+00  0.00000000e+00  0.00000000e+00]+[-4.68447657e-03  1.22667446e-03  0.00000000e+00 -2.09972218e-03
  0.00000000e+00  0.00000000e+00 -9.53220773e-05  0.00000000e+00
  0.00000000e+00  0.00000000e+00  0.00000000e+00]
----


----
[-0.00323654 -0.00366367  0.         -0.02114962  0.          0.
  0.00080437  0.          0.          0.          0.        ]x[-7.62838793e-05 -7.35645189e-04  0.00000000e+00 -1.05099836e-03
  0.00000000e+00  0.00000000e+00 -3.59049407e-04  0.00000000e+00
  0.00000000e+00  0.00000000e+00  0.00000000e+00]---->
[-0.00361424 -0.00020571  0.         -0.0235796   0.          0.
 -0.00065408  0.          0.          0.          0.        ]+[-3.10678000e-04 -5.58408157e-03  0.00000000e+00  7.26345356e-03
  0.00000000e+00  0.00000000e+00  7.13379326e-05  0.00000000e+00
  0.00000000e+00  0.00000000e+00  0.00000000e+00]
----


----
[-4.48642495e-03  1.56777985e-03  0.00000000e+00 -1.67353812e-03
  0.00000000e+00  0.00000000e+00 -8.58295675e-05  0.00000000e+00
  0.00000000e+00  0.00000000e+00  0.00000000e+00]x[-0.00121055  0.00285828  0.         -0.00153502  0.          0.
 -0.00015118  0.          0.          0.          0.        ]---->
[-0.00285894  0.00226601  0.         -0.00158146  0.          0.
 -0.00013896  0.          0.          0.          0.        ]+[-0.00315438  0.00121502  0.         -0.00155633  0.          0.
 -0.0001471   0.          0.          0.          0.        ]
----


----
[-1.48150872e-05 -4.71436646e-03  0.00000000e+00 -3.50022511e-03
  0.00000000e+00  0.00000000e+00 -8.03821201e-04  0.00000000e+00
  0.00000000e+00  0.00000000e+00  0.00000000e+00]x[-6.32003311e-03 -7.56556428e-04  0.00000000e+00 -1.15307810e-03
  0.00000000e+00  0.00000000e+00  2.20931365e-05  0.00000000e+00
  0.00000000e+00  0.00000000e+00  0.00000000e+00]---->
[-0.00665421 -0.00297728  0.         -0.00207907  0.          0.
 -0.00023336  0.          0.          0.          0.        ]+[-1.00057582e-02  3.48158020e-04  0.00000000e+00 -3.67214669e-03
  0.00000000e+00  0.00000000e+00 -7.70926334e-05  0.00000000e+00
  0.00000000e+00  0.00000000e+00  0.00000000e+00]
----


----
[-4.84793519e-03  9.07851242e-04  0.00000000e+00 -1.19770591e-03
  0.00000000e+00  0.00000000e+00 -5.20828875e-06  0.00000000e+00
  0.00000000e+00  0.00000000e+00  0.00000000e+00]x[-5.05629170e-03  6.00130462e-03  0.00000000e+00 -1.19876240e-03
  0.00000000e+00  0.00000000e+00 -9.14365853e-05  0.00000000e+00
  0.00000000e+00  0.00000000e+00  0.00000000e+00]---->
[-5.13779859e-03  2.05754468e-03  0.00000000e+00 -1.19881758e-03
  0.00000000e+00  0.00000000e+00 -8.32221615e-05  0.00000000e+00
  0.00000000e+00  0.00000000e+00  0.00000000e+00]+[-0.00502871  0.00302052  0.         -0.00119867  0.          0.
 -0.00010543  0.          0.          0.          0.        ]
----


----
[ 0.          0.00885601  0.         -0.01589027  0.          0.
  0.00386263  0.          0.          0.          0.        ]x[-0.00076065  0.00284248  0.         -0.00183867  0.          0.
 -0.00020828  0.          0.          0.          0.        ]---->
[-6.41110049e-05  3.24882243e-03  0.00000000e+00 -1.54002649e-02
  0.00000000e+00  0.00000000e+00  2.26865759e-03  0.00000000e+00
  0.00000000e+00  0.00000000e+00  0.00000000e+00]+[-0.00087096  0.0010484   0.         -0.0195402   0.          0.
  0.00247503  0.          0.          0.          0.        ]
----


Roullette Ends
XXXX-XXXX


Errors:>>

XXXXX-----XXXXX
kid: [-6.82775502e-03  1.16577693e-03  0.00000000e+00 -1.91050763e-03
  0.00000000e+00  0.00000000e+00  5.55508783e-06  0.00000000e+00
  0.00000000e+00  0.00000000e+00  0.00000000e+00] train error: 2031195453821.2612, validation error: 3624586850959.949

kid: [-2.16050456e-03  2.00431349e-03  0.00000000e+00 -1.63880027e-03
  0.00000000e+00  0.00000000e+00 -9.21438379e-05  0.00000000e+00
  0.00000000e+00  0.00000000e+00  0.00000000e+00] train error: 2031207535355.5808, validation error: 3624642762294.026

kid: [-3.77601748e-03  1.23954711e-03  0.00000000e+00 -3.91203487e-03
  0.00000000e+00  0.00000000e+00  6.80014753e-05  0.00000000e+00
  0.00000000e+00  0.00000000e+00  0.00000000e+00] train error: 2031106599627.627, validation error: 3624175718538.2163

kid: [-0.00441171 -0.00241825  0.         -0.00015507  0.          0.
 -0.0007112   0.          0.          0.          0.        ] train error: 2031273361095.8894, validation error: 3624947109969.892

kid: [-4.73488126e-03  1.27104814e-03  0.00000000e+00 -1.96920763e-03
  0.00000000e+00  0.00000000e+00 -9.90845933e-05  0.00000000e+00
  0.00000000e+00  0.00000000e+00  0.00000000e+00] train error: 2031192852277.0613, validation error: 3624574808342.7

kid: [-4.68447657e-03  1.22667446e-03  0.00000000e+00 -2.09972218e-03
  0.00000000e+00  0.00000000e+00 -6.18861982e-05  0.00000000e+00
  0.00000000e+00  0.00000000e+00  0.00000000e+00] train error: 2031187057106.896, validation error: 3624547993400.236

kid: [-0.00361424 -0.00020571  0.         -0.0235796   0.          0.
 -0.00020742  0.          0.          0.          0.        ] train error: 2030234142197.8599, validation error: 3620136804265.5654

kid: [-3.10678000e-04 -5.58408157e-03  0.00000000e+00  7.26345356e-03
  0.00000000e+00  0.00000000e+00  7.13379326e-05  0.00000000e+00
  0.00000000e+00  0.00000000e+00  0.00000000e+00] train error: 2031602847411.3203, validation error: 3626470974718.95

kid: [-0.00285894  0.00226601  0.         -0.00158146  0.          0.
 -0.00013896  0.          0.          0.          0.        ] train error: 2031210083381.022, validation error: 3624654566943.861

kid: [-0.00137171  0.00121502  0.         -0.00155633  0.          0.
 -0.0001471   0.          0.          0.          0.        ] train error: 2031211188794.1746, validation error: 3624659624594.6797

kid: [-6.65420916e-03 -2.97728357e-03  0.00000000e+00 -2.07906634e-03
  0.00000000e+00  0.00000000e+00 -7.26858433e-05  0.00000000e+00
  0.00000000e+00  0.00000000e+00  0.00000000e+00] train error: 2031187920919.0188, validation error: 3624551805363.009

kid: [-2.96688210e-03  3.48158020e-04  0.00000000e+00 -3.67214669e-03
  0.00000000e+00  0.00000000e+00 -7.70926334e-05  0.00000000e+00
  0.00000000e+00  0.00000000e+00  0.00000000e+00] train error: 2031117239734.0925, validation error: 3624224905830.835

kid: [-5.13779859e-03  2.05754468e-03  0.00000000e+00 -1.19881758e-03
  0.00000000e+00  0.00000000e+00 -8.32221615e-05  0.00000000e+00
  0.00000000e+00  0.00000000e+00  0.00000000e+00] train error: 2031227066820.8157, validation error: 3624733144324.7764

kid: [-0.00502871  0.00302052  0.         -0.00119867  0.          0.
 -0.00010543  0.          0.          0.          0.        ] train error: 2031227084894.6282, validation error: 3624733272087.1143

kid: [-6.41110049e-05  3.24882243e-03  0.00000000e+00 -1.54002649e-02
  0.00000000e+00  0.00000000e+00  2.26865759e-03  0.00000000e+00
  0.00000000e+00  0.00000000e+00  0.00000000e+00] train error: 2030596860173.77, validation error: 3621816521753.4385

XXXXX-----XXXXX

Best of Children: [-3.10678000e-04 -5.58408157e-03  0.00000000e+00  7.26345356e-03
  0.00000000e+00  0.00000000e+00  7.13379326e-05  0.00000000e+00
  0.00000000e+00  0.00000000e+00  0.00000000e+00]->627.011088175764
XXXXXXX--NEXT TIME---XXXXXX
Parents:
[[-3.23653511e-03 -3.66367247e-03  0.00000000e+00 -2.11496215e-02
   0.00000000e+00  0.00000000e+00  8.04372633e-04  0.00000000e+00
   0.00000000e+00  0.00000000e+00  0.00000000e+00]
 [ 0.00000000e+00  8.85601330e-03  0.00000000e+00 -1.58902695e-02
   0.00000000e+00  0.00000000e+00  3.86263113e-03  0.00000000e+00
   0.00000000e+00  0.00000000e+00  0.00000000e+00]
 [-1.48150872e-05 -4.71436646e-03  0.00000000e+00 -3.50022511e-03
   0.00000000e+00  0.00000000e+00 -8.03821201e-04  0.00000000e+00
   0.00000000e+00  0.00000000e+00  0.00000000e+00]
 [-7.60650361e-04  2.84247586e-03  0.00000000e+00 -1.83866696e-03
   0.00000000e+00  0.00000000e+00 -2.08281764e-04  0.00000000e+00
   0.00000000e+00  0.00000000e+00  0.00000000e+00]
 [-4.48642495e-03  1.56777985e-03  0.00000000e+00 -1.67353812e-03
   0.00000000e+00  0.00000000e+00 -8.58295675e-05  0.00000000e+00
   0.00000000e+00  0.00000000e+00  0.00000000e+00]
 [-1.21054989e-03  2.85827960e-03  0.00000000e+00 -1.53501512e-03
   0.00000000e+00  0.00000000e+00 -1.51183318e-04  0.00000000e+00
   0.00000000e+00  0.00000000e+00  0.00000000e+00]
 [ 2.18958490e-03  2.23545316e-03  0.00000000e+00 -1.28468736e-03
   0.00000000e+00  0.00000000e+00  2.22224984e-05  0.00000000e+00
   0.00000000e+00  0.00000000e+00  0.00000000e+00]
 [-4.84793519e-03  9.07851242e-04  0.00000000e+00 -1.19770591e-03
   0.00000000e+00  0.00000000e+00 -5.20828875e-06  0.00000000e+00
   0.00000000e+00  0.00000000e+00  0.00000000e+00]
 [-5.05629170e-03  6.00130462e-03  0.00000000e+00 -1.19876240e-03
   0.00000000e+00  0.00000000e+00 -9.14365853e-05  0.00000000e+00
   0.00000000e+00  0.00000000e+00  0.00000000e+00]
 [-3.64970452e-03 -2.22859029e-03  0.00000000e+00 -1.15378475e-03
   0.00000000e+00  0.00000000e+00 -1.33425895e-04  0.00000000e+00
   0.00000000e+00  0.00000000e+00  0.00000000e+00]
 [-6.32003311e-03 -7.56556428e-04  0.00000000e+00 -1.15307810e-03
   0.00000000e+00  0.00000000e+00  2.20931365e-05  0.00000000e+00
   0.00000000e+00  0.00000000e+00  0.00000000e+00]
 [-3.84584475e-03  1.86946819e-03  0.00000000e+00 -1.10098878e-03
   0.00000000e+00  0.00000000e+00 -2.69963745e-04  0.00000000e+00
   0.00000000e+00  0.00000000e+00  0.00000000e+00]
 [-1.63556193e-03 -1.96500624e-03  0.00000000e+00 -1.09659288e-03
   0.00000000e+00  0.00000000e+00  1.97921417e-04  0.00000000e+00
   0.00000000e+00  0.00000000e+00  0.00000000e+00]
 [-1.03094335e-03  1.43707859e-04  0.00000000e+00 -1.08933855e-03
   0.00000000e+00  0.00000000e+00 -5.10032143e-03  0.00000000e+00
   0.00000000e+00  0.00000000e+00  0.00000000e+00]
 [-7.62838793e-05 -7.35645189e-04  0.00000000e+00 -1.05099836e-03
   0.00000000e+00  0.00000000e+00 -3.59049407e-04  0.00000000e+00
   0.00000000e+00  0.00000000e+00  0.00000000e+00]]
Children:
[[-3.61424303e-03 -2.05712261e-04  0.00000000e+00 -2.35796038e-02
   0.00000000e+00  0.00000000e+00 -2.07422714e-04  0.00000000e+00
   0.00000000e+00  0.00000000e+00  0.00000000e+00]
 [-6.41110049e-05  3.24882243e-03  0.00000000e+00 -1.54002649e-02
   0.00000000e+00  0.00000000e+00  2.26865759e-03  0.00000000e+00
   0.00000000e+00  0.00000000e+00  0.00000000e+00]
 [-3.77601748e-03  1.23954711e-03  0.00000000e+00 -3.91203487e-03
   0.00000000e+00  0.00000000e+00  6.80014753e-05  0.00000000e+00
   0.00000000e+00  0.00000000e+00  0.00000000e+00]
 [-2.96688210e-03  3.48158020e-04  0.00000000e+00 -3.67214669e-03
   0.00000000e+00  0.00000000e+00 -7.70926334e-05  0.00000000e+00
   0.00000000e+00  0.00000000e+00  0.00000000e+00]
 [-4.68447657e-03  1.22667446e-03  0.00000000e+00 -2.09972218e-03
   0.00000000e+00  0.00000000e+00 -6.18861982e-05  0.00000000e+00
   0.00000000e+00  0.00000000e+00  0.00000000e+00]
 [-6.65420916e-03 -2.97728357e-03  0.00000000e+00 -2.07906634e-03
   0.00000000e+00  0.00000000e+00 -7.26858433e-05  0.00000000e+00
   0.00000000e+00  0.00000000e+00  0.00000000e+00]
 [-4.73488126e-03  1.27104814e-03  0.00000000e+00 -1.96920763e-03
   0.00000000e+00  0.00000000e+00 -9.90845933e-05  0.00000000e+00
   0.00000000e+00  0.00000000e+00  0.00000000e+00]
 [-6.82775502e-03  1.16577693e-03  0.00000000e+00 -1.91050763e-03
   0.00000000e+00  0.00000000e+00  5.55508783e-06  0.00000000e+00
   0.00000000e+00  0.00000000e+00  0.00000000e+00]
 [-2.16050456e-03  2.00431349e-03  0.00000000e+00 -1.63880027e-03
   0.00000000e+00  0.00000000e+00 -9.21438379e-05  0.00000000e+00
   0.00000000e+00  0.00000000e+00  0.00000000e+00]
 [-2.85893813e-03  2.26600841e-03  0.00000000e+00 -1.58145673e-03
   0.00000000e+00  0.00000000e+00 -1.38963473e-04  0.00000000e+00
   0.00000000e+00  0.00000000e+00  0.00000000e+00]
 [-1.37170817e-03  1.21501543e-03  0.00000000e+00 -1.55633457e-03
   0.00000000e+00  0.00000000e+00 -1.47101502e-04  0.00000000e+00
   0.00000000e+00  0.00000000e+00  0.00000000e+00]
 [-5.13779859e-03  2.05754468e-03  0.00000000e+00 -1.19881758e-03
   0.00000000e+00  0.00000000e+00 -8.32221615e-05  0.00000000e+00
   0.00000000e+00  0.00000000e+00  0.00000000e+00]
 [-5.02871097e-03  3.02052174e-03  0.00000000e+00 -1.19867248e-03
   0.00000000e+00  0.00000000e+00 -1.05433085e-04  0.00000000e+00
   0.00000000e+00  0.00000000e+00  0.00000000e+00]
 [-4.41170805e-03 -2.41825238e-03  0.00000000e+00 -1.55066351e-04
   0.00000000e+00  0.00000000e+00 -7.11196728e-04  0.00000000e+00
   0.00000000e+00  0.00000000e+00  0.00000000e+00]
 [-3.10678000e-04 -5.58408157e-03  0.00000000e+00  7.26345356e-03
   0.00000000e+00  0.00000000e+00  7.13379326e-05  0.00000000e+00
   0.00000000e+00  0.00000000e+00  0.00000000e+00]]
Current Toppers:
[[-3.61424303e-03 -2.05712261e-04  0.00000000e+00 -2.35796038e-02
   0.00000000e+00  0.00000000e+00 -2.07422714e-04  0.00000000e+00
   0.00000000e+00  0.00000000e+00  0.00000000e+00]
 [-3.23653511e-03 -3.66367247e-03  0.00000000e+00 -2.11496215e-02
   0.00000000e+00  0.00000000e+00  8.04372633e-04  0.00000000e+00
   0.00000000e+00  0.00000000e+00  0.00000000e+00]
 [ 0.00000000e+00  8.85601330e-03  0.00000000e+00 -1.58902695e-02
   0.00000000e+00  0.00000000e+00  3.86263113e-03  0.00000000e+00
   0.00000000e+00  0.00000000e+00  0.00000000e+00]
 [-6.41110049e-05  3.24882243e-03  0.00000000e+00 -1.54002649e-02
   0.00000000e+00  0.00000000e+00  2.26865759e-03  0.00000000e+00
   0.00000000e+00  0.00000000e+00  0.00000000e+00]
 [-3.77601748e-03  1.23954711e-03  0.00000000e+00 -3.91203487e-03
   0.00000000e+00  0.00000000e+00  6.80014753e-05  0.00000000e+00
   0.00000000e+00  0.00000000e+00  0.00000000e+00]
 [-2.96688210e-03  3.48158020e-04  0.00000000e+00 -3.67214669e-03
   0.00000000e+00  0.00000000e+00 -7.70926334e-05  0.00000000e+00
   0.00000000e+00  0.00000000e+00  0.00000000e+00]
 [-1.48150872e-05 -4.71436646e-03  0.00000000e+00 -3.50022511e-03
   0.00000000e+00  0.00000000e+00 -8.03821201e-04  0.00000000e+00
   0.00000000e+00  0.00000000e+00  0.00000000e+00]
 [-4.68447657e-03  1.22667446e-03  0.00000000e+00 -2.09972218e-03
   0.00000000e+00  0.00000000e+00 -6.18861982e-05  0.00000000e+00
   0.00000000e+00  0.00000000e+00  0.00000000e+00]
 [-6.65420916e-03 -2.97728357e-03  0.00000000e+00 -2.07906634e-03
   0.00000000e+00  0.00000000e+00 -7.26858433e-05  0.00000000e+00
   0.00000000e+00  0.00000000e+00  0.00000000e+00]
 [-4.73488126e-03  1.27104814e-03  0.00000000e+00 -1.96920763e-03
   0.00000000e+00  0.00000000e+00 -9.90845933e-05  0.00000000e+00
   0.00000000e+00  0.00000000e+00  0.00000000e+00]]
Their Fitness:
[628.96932237 628.81474143 628.47970411 628.44874542 627.71915426
 627.70396583 627.69323642 627.60419013 627.60302889 627.59591082]
BEST !: [2030234142197.8599, 3620136804265.5654] [-0.00361424 -0.00020571  0.         -0.0235796   0.          0.
 -0.00020742  0.          0.          0.          0.        ]
120
