Starting from init...
starting....

Errors:>>

XXXXX-----XXXXX
kid: [0. 0. 0. 0. 0. 0. 0. 0. 0. 0. 0.] train error: 2031280283262.183, validation error: 3624979221727.6943

kid: [ 0.          0.          0.          0.          0.          0.00707574
  0.          0.          0.          0.         -0.00789739] train error: 1.8353878013959529e+37, validation error: 1.8676569789119886e+37

kid: [ 0.          0.          0.          0.          0.         -0.01812154
  0.          0.          0.         -0.00232861  0.        ] train error: 1.2039426575485994e+38, validation error: 1.2251399373434408e+38

kid: [ 0.00000000e+00  0.00000000e+00  0.00000000e+00 -9.55147149e-05
  0.00000000e+00  7.85914562e-03  0.00000000e+00  0.00000000e+00
  0.00000000e+00  0.00000000e+00  0.00000000e+00] train error: 2.2644689487103103e+37, validation error: 2.3043383050027573e+37

kid: [ 0.          0.         -0.00061915 -0.0001777   0.          0.
  0.          0.          0.          0.          0.        ] train error: 2031270727086.9792, validation error: 3624939891945.2017

kid: [ 0.          0.          0.          0.          0.         -0.0129757
  0.         -0.00992108  0.          0.          0.        ] train error: 6.17272938254003e+37, validation error: 6.281409499068967e+37

kid: [0.         0.         0.00489768 0.         0.         0.
 0.         0.         0.         0.         0.01761329] train error: 1.407937853918226e+29, validation error: 2.6636429471384533e+29

kid: [0.         0.00070276 0.         0.         0.         0.
 0.         0.         0.0148596  0.         0.        ] train error: 1.823443465018168e+22, validation error: 3.535241665135662e+22

kid: [0.         0.         0.         0.         0.         0.
 0.01150632 0.         0.         0.00917918 0.        ] train error: 1.6250440800463839e+25, validation error: 3.115343203836811e+25

kid: [ 0.00466339  0.          0.          0.          0.          0.
  0.          0.          0.         -0.00421422  0.        ] train error: 3.4252497496719293e+24, validation error: 6.566481596233709e+24

kid: [0.         0.         0.01915218 0.00813661 0.         0.
 0.         0.         0.         0.         0.        ] train error: 2031693235046.6907, validation error: 3626738370550.919

kid: [ 0.          0.         -0.00451216  0.          0.          0.
 -0.00268999  0.          0.          0.          0.        ] train error: 2031268145135.082, validation error: 3624958632944.732

kid: [ 0.          0.          0.         -0.00436064  0.          0.
  0.          0.         -0.0164815   0.          0.        ] train error: 2.2431481159940705e+22, validation error: 4.348932314837519e+22

kid: [0.         0.         0.         0.00555655 0.         0.00150972
 0.         0.         0.         0.         0.        ] train error: 8.356172370477737e+35, validation error: 8.503295259351041e+35

kid: [ 0.          0.          0.          0.          0.          0.00301184
  0.          0.         -0.01527255  0.          0.        ] train error: 3.325668491830061e+36, validation error: 3.384221685955845e+36

kid: [ 0.          0.00132317  0.          0.          0.          0.
  0.          0.          0.         -0.00023147  0.        ] train error: 1.0333201650024205e+22, validation error: 1.9809443743706896e+22

kid: [ 0.          0.         -0.00606336  0.          0.          0.00112821
  0.          0.          0.          0.          0.        ] train error: 4.666530509478249e+35, validation error: 4.7486917454062406e+35

kid: [ 0.          0.00837504  0.          0.          0.          0.
  0.         -0.00738326  0.          0.          0.        ] train error: 1.9460346419971896e+18, validation error: 3.800574042957159e+18

kid: [0.01050472 0.         0.         0.         0.00965294 0.
 0.         0.         0.         0.         0.        ] train error: 2078247445446.5657, validation error: 3716433374120.8125

kid: [ 0.         -0.0061616   0.          0.          0.          0.
  0.          0.          0.          0.         -0.00422667] train error: 8.107744460360214e+27, validation error: 1.5338841949114234e+28

kid: [ 0.          0.          0.          0.         -0.00278395  0.
  0.          0.00308599  0.          0.          0.        ] train error: 3.413328907054653e+17, validation error: 6.680926922462706e+17

kid: [-0.00428556  0.          0.         -0.00492526  0.          0.
  0.          0.          0.          0.          0.        ] train error: 2031061606058.371, validation error: 3623967468133.9805

kid: [ 0.          0.          0.          0.          0.          0.
  0.          0.         -0.0014926  -0.00538422  0.        ] train error: 5.653531310604361e+24, validation error: 1.0842638686779175e+25

kid: [0.         0.         0.         0.         0.         0.
 0.         0.00937253 0.         0.         0.00434881] train error: 8.58338212387783e+27, validation error: 1.6238719324099995e+28

kid: [ 0.          0.          0.          0.         -0.00586592  0.
  0.          0.          0.00272339  0.          0.        ] train error: 6.125308552008295e+20, validation error: 1.1875713402705297e+21

kid: [ 0.          0.          0.          0.          0.         -0.00632118
  0.          0.          0.          0.         -0.00215148] train error: 1.4649479038112019e+37, validation error: 1.4907515887588172e+37

kid: [ 0.          0.          0.          0.01105416  0.          0.
  0.          0.          0.         -0.01702441  0.        ] train error: 5.589865465265494e+25, validation error: 1.0716228855801647e+26

kid: [ 0.01623202  0.         -0.00389546  0.          0.          0.
  0.          0.          0.          0.          0.        ] train error: 2031269831792.7812, validation error: 3624961485755.072

kid: [ 0.          0.          0.          0.          0.         -0.01708128
 -0.01318779  0.          0.          0.          0.        ] train error: 1.0696868874265061e+38, validation error: 1.0885203219320374e+38

kid: [0.         0.         0.         0.         0.         0.
 0.00798175 0.         0.         0.00407807 0.        ] train error: 3.207506090577102e+24, validation error: 6.149054547590909e+24

XXXXX-----XXXXX

---------


>>>>>>>>>

GENERATION : 1

Best of Pool:[ 0.          0.00132317  0.          0.          0.          0.
  0.          0.          0.         -0.00023147  0.        ]->627.7834891617304
Current Pool:
[[ 0.          0.          0.          0.          0.          0.
   0.          0.         -0.0014926  -0.00538422  0.        ]
 [ 0.          0.          0.          0.          0.          0.
   0.01150632  0.          0.          0.00917918  0.        ]
 [ 0.          0.          0.          0.01105416  0.          0.
   0.          0.          0.         -0.01702441  0.        ]
 [ 0.         -0.0061616   0.          0.          0.          0.
   0.          0.          0.          0.         -0.00422667]
 [-0.00428556  0.          0.         -0.00492526  0.          0.
   0.          0.          0.          0.          0.        ]
 [ 0.          0.         -0.00061915 -0.0001777   0.          0.
   0.          0.          0.          0.          0.        ]
 [ 0.          0.         -0.00451216  0.          0.          0.
  -0.00268999  0.          0.          0.          0.        ]
 [ 0.01623202  0.         -0.00389546  0.          0.          0.
   0.          0.          0.          0.          0.        ]
 [ 0.          0.          0.          0.          0.          0.
   0.          0.          0.          0.          0.        ]
 [ 0.          0.          0.01915218  0.00813661  0.          0.
   0.          0.          0.          0.          0.        ]
 [ 0.01050472  0.          0.          0.          0.00965294  0.
   0.          0.          0.          0.          0.        ]
 [ 0.          0.          0.          0.         -0.00278395  0.
   0.          0.00308599  0.          0.          0.        ]
 [ 0.          0.00837504  0.          0.          0.          0.
   0.         -0.00738326  0.          0.          0.        ]
 [ 0.          0.          0.          0.         -0.00586592  0.
   0.          0.          0.00272339  0.          0.        ]
 [ 0.          0.00132317  0.          0.          0.          0.
   0.          0.          0.         -0.00023147  0.        ]]

....>>>>>....

XXXX-XXXX
Russian Roullette begins >>>


----
[ 0.          0.         -0.00451216  0.          0.          0.
 -0.00268999  0.          0.          0.          0.        ]x[ 0.01623202  0.         -0.00389546  0.          0.          0.
  0.          0.          0.          0.          0.        ]---->
[-9.24931647e-05  0.00000000e+00 -3.61623823e-03  0.00000000e+00
  0.00000000e+00  0.00000000e+00 -3.49177928e-03  0.00000000e+00
  0.00000000e+00  0.00000000e+00  0.00000000e+00]+[ 0.02189477  0.         -0.00457395  0.          0.          0.
 -0.0029566   0.          0.          0.          0.        ]
----


----
[0. 0. 0. 0. 0. 0. 0. 0. 0. 0. 0.]x[0.01050472 0.         0.         0.         0.00965294 0.
 0.         0.         0.         0.         0.        ]---->
[0.01854543 0.         0.         0.         0.01416711 0.
 0.         0.         0.         0.         0.        ]+[0.00410785 0.         0.         0.         0.0168724  0.
 0.         0.         0.         0.         0.        ]
----


----
[0. 0. 0. 0. 0. 0. 0. 0. 0. 0. 0.]x[0.         0.         0.01915218 0.00813661 0.         0.
 0.         0.         0.         0.         0.        ]---->
[0.         0.         0.02112796 0.00247371 0.         0.
 0.         0.         0.         0.         0.        ]+[0.         0.         0.01312017 0.00383409 0.         0.
 0.         0.         0.         0.         0.        ]
----


----
[ 0.          0.         -0.00451216  0.          0.          0.
 -0.00268999  0.          0.          0.          0.        ]x[0.         0.         0.01915218 0.00813661 0.         0.
 0.         0.         0.         0.         0.        ]---->
[ 0.          0.          0.00929317 -0.00151888  0.          0.
 -0.00168579  0.          0.          0.          0.        ]+[ 0.          0.         -0.01307391  0.01021276  0.          0.
 -0.00374959  0.          0.          0.          0.        ]
----


----
[ 0.          0.         -0.00451216  0.          0.          0.
 -0.00268999  0.          0.          0.          0.        ]x[ 0.01623202  0.         -0.00389546  0.          0.          0.
  0.          0.          0.          0.          0.        ]---->
[ 0.01245941  0.         -0.00437272  0.          0.          0.
 -0.00021659  0.          0.          0.          0.        ]+[ 1.48625327e-02  0.00000000e+00 -4.83090928e-03  0.00000000e+00
  0.00000000e+00  0.00000000e+00  1.35420902e-07  0.00000000e+00
  0.00000000e+00  0.00000000e+00  0.00000000e+00]
----


----
[ 0.          0.         -0.00061915 -0.0001777   0.          0.
  0.          0.          0.          0.          0.        ]x[0.01050472 0.         0.         0.         0.00965294 0.
 0.         0.         0.         0.         0.        ]---->
[ 0.01222157  0.         -0.00069953 -0.00019604  0.01056425  0.
  0.          0.          0.          0.          0.        ]+[ 6.24288986e-03  0.00000000e+00 -1.60527928e-04  3.76658415e-05
  2.60968991e-03  0.00000000e+00  0.00000000e+00  0.00000000e+00
  0.00000000e+00  0.00000000e+00  0.00000000e+00]
----


----
[-0.00428556  0.          0.         -0.00492526  0.          0.
  0.          0.          0.          0.          0.        ]x[ 0.          0.         -0.00061915 -0.0001777   0.          0.
  0.          0.          0.          0.          0.        ]---->
[ 0.00253672  0.         -0.00065968 -0.00349044  0.          0.
  0.          0.          0.          0.          0.        ]+[ 0.00045024  0.         -0.00053772 -0.00028047  0.          0.
  0.          0.          0.          0.          0.        ]
----


----
[-0.00428556  0.          0.         -0.00492526  0.          0.
  0.          0.          0.          0.          0.        ]x[ 0.01623202  0.         -0.00389546  0.          0.          0.
  0.          0.          0.          0.          0.        ]---->
[ 0.02123785  0.         -0.00646467 -0.00372497  0.          0.
  0.          0.          0.          0.          0.        ]+[ 0.01424163  0.         -0.00658641  0.00318698  0.          0.
  0.          0.          0.          0.          0.        ]
----


Roullette Ends
XXXX-XXXX


Errors:>>

XXXXX-----XXXXX
kid: [-9.24931647e-05  0.00000000e+00 -3.61623823e-03  0.00000000e+00
  0.00000000e+00  0.00000000e+00 -3.49177928e-03  0.00000000e+00
  0.00000000e+00  0.00000000e+00  0.00000000e+00] train error: 2031270554706.7532, validation error: 3624962720771.3867

kid: [ 0.02189477  0.         -0.00457395  0.          0.          0.
 -0.0029566   0.          0.          0.          0.        ] train error: 2031268015296.3958, validation error: 3624958403412.9087

kid: [0.01854543 0.         0.         0.         0.01416711 0.
 0.         0.         0.         0.         0.        ] train error: 2100425730133.3228, validation error: 3759605740777.8

kid: [0.00421816 0.         0.         0.         0.0168724  0.
 0.         0.         0.         0.         0.        ] train error: 2113782263472.8835, validation error: 3785601711380.952

kid: [0.         0.         0.02112796 0.00235861 0.         0.
 0.         0.         0.         0.         0.        ] train error: 2031441864355.8691, validation error: 3625560191036.2983

kid: [0.         0.         0.01371936 0.00383409 0.         0.
 0.         0.         0.         0.         0.        ] train error: 2031487471644.9956, validation error: 3625829528303.5938

kid: [ 0.          0.          0.00929317 -0.00151888  0.          0.
 -0.00168579  0.          0.          0.          0.        ] train error: 2031237836550.757, validation error: 3624709600743.8545

kid: [ 0.          0.         -0.01307391  0.00996467  0.          0.
 -0.00374959  0.          0.          0.          0.        ] train error: 2031687769985.2292, validation error: 3626966930409.2256

kid: [ 0.01245941  0.         -0.00437272  0.          0.          0.
 -0.00021659  0.          0.          0.          0.        ] train error: 2031268541642.2349, validation error: 3624959298980.0454

kid: [ 1.48625327e-02  0.00000000e+00 -4.83090928e-03  0.00000000e+00
  0.00000000e+00  0.00000000e+00  1.35420902e-07  0.00000000e+00
  0.00000000e+00  0.00000000e+00  0.00000000e+00] train error: 2031267313224.5469, validation error: 3624957214056.1123

kid: [ 0.01222157  0.         -0.00069953 -0.00019604  0.01056425  0.
  0.          0.          0.          0.          0.        ] train error: 2082702929439.7493, validation error: 3725084078668.1367

kid: [ 6.24288986e-03  0.00000000e+00 -1.54303170e-04  3.76658415e-05
  2.60968991e-03  0.00000000e+00  0.00000000e+00  0.00000000e+00
  0.00000000e+00  0.00000000e+00  0.00000000e+00] train error: 2043917659178.827, validation error: 3649594977064.3057

kid: [ 0.00253672  0.         -0.00067688 -0.00349044  0.          0.
  0.          0.          0.          0.          0.        ] train error: 2031123490710.2583, validation error: 3624259119947.297

kid: [ 0.00045024  0.         -0.00053772 -0.00028047  0.          0.
  0.          0.          0.          0.          0.        ] train error: 2031266383000.9133, validation error: 3624919150598.289

kid: [ 0.02123785  0.         -0.00646467 -0.00372497  0.          0.
  0.          0.          0.          0.          0.        ] train error: 2031097542544.6567, validation error: 3624184583965.56

XXXXX-----XXXXX

Best of Children: [0.00421816 0.         0.         0.         0.0168724  0.
 0.         0.         0.         0.         0.        ]->598.1507161262481

>>>>>>>>>

GENERATION : 2

Best of Pool:[0.         0.         0.01371936 0.00383409 0.         0.
 0.         0.         0.         0.         0.        ]->627.7834891617304
Current Pool:
[[-4.28556342e-03  0.00000000e+00  0.00000000e+00 -4.92525618e-03
   0.00000000e+00  0.00000000e+00  0.00000000e+00  0.00000000e+00
   0.00000000e+00  0.00000000e+00  0.00000000e+00]
 [ 0.00000000e+00  0.00000000e+00 -6.19153326e-04 -1.77695398e-04
   0.00000000e+00  0.00000000e+00  0.00000000e+00  0.00000000e+00
   0.00000000e+00  0.00000000e+00  0.00000000e+00]
 [ 0.00000000e+00  0.00000000e+00 -4.51215854e-03  0.00000000e+00
   0.00000000e+00  0.00000000e+00 -2.68998530e-03  0.00000000e+00
   0.00000000e+00  0.00000000e+00  0.00000000e+00]
 [ 1.62320151e-02  0.00000000e+00 -3.89545786e-03  0.00000000e+00
   0.00000000e+00  0.00000000e+00  0.00000000e+00  0.00000000e+00
   0.00000000e+00  0.00000000e+00  0.00000000e+00]
 [ 2.12378524e-02  0.00000000e+00 -6.46467433e-03 -3.72496560e-03
   0.00000000e+00  0.00000000e+00  0.00000000e+00  0.00000000e+00
   0.00000000e+00  0.00000000e+00  0.00000000e+00]
 [ 2.53671903e-03  0.00000000e+00 -6.76877273e-04 -3.49044169e-03
   0.00000000e+00  0.00000000e+00  0.00000000e+00  0.00000000e+00
   0.00000000e+00  0.00000000e+00  0.00000000e+00]
 [ 0.00000000e+00  0.00000000e+00  9.29316770e-03 -1.51888320e-03
   0.00000000e+00  0.00000000e+00 -1.68579115e-03  0.00000000e+00
   0.00000000e+00  0.00000000e+00  0.00000000e+00]
 [ 4.50237065e-04  0.00000000e+00 -5.37715546e-04 -2.80473643e-04
   0.00000000e+00  0.00000000e+00  0.00000000e+00  0.00000000e+00
   0.00000000e+00  0.00000000e+00  0.00000000e+00]
 [ 1.48625327e-02  0.00000000e+00 -4.83090928e-03  0.00000000e+00
   0.00000000e+00  0.00000000e+00  1.35420902e-07  0.00000000e+00
   0.00000000e+00  0.00000000e+00  0.00000000e+00]
 [ 2.18947664e-02  0.00000000e+00 -4.57394640e-03  0.00000000e+00
   0.00000000e+00  0.00000000e+00 -2.95660026e-03  0.00000000e+00
   0.00000000e+00  0.00000000e+00  0.00000000e+00]
 [ 1.24594080e-02  0.00000000e+00 -4.37272478e-03  0.00000000e+00
   0.00000000e+00  0.00000000e+00 -2.16589908e-04  0.00000000e+00
   0.00000000e+00  0.00000000e+00  0.00000000e+00]
 [-9.24931647e-05  0.00000000e+00 -3.61623823e-03  0.00000000e+00
   0.00000000e+00  0.00000000e+00 -3.49177928e-03  0.00000000e+00
   0.00000000e+00  0.00000000e+00  0.00000000e+00]
 [ 0.00000000e+00  0.00000000e+00  0.00000000e+00  0.00000000e+00
   0.00000000e+00  0.00000000e+00  0.00000000e+00  0.00000000e+00
   0.00000000e+00  0.00000000e+00  0.00000000e+00]
 [ 0.00000000e+00  0.00000000e+00  2.11279552e-02  2.35860965e-03
   0.00000000e+00  0.00000000e+00  0.00000000e+00  0.00000000e+00
   0.00000000e+00  0.00000000e+00  0.00000000e+00]
 [ 0.00000000e+00  0.00000000e+00  1.37193645e-02  3.83409411e-03
   0.00000000e+00  0.00000000e+00  0.00000000e+00  0.00000000e+00
   0.00000000e+00  0.00000000e+00  0.00000000e+00]]

....>>>>>....

XXXX-XXXX
Russian Roullette begins >>>


----
[ 0.00045024  0.         -0.00053772 -0.00028047  0.          0.
  0.          0.          0.          0.          0.        ]x[0.         0.         0.01371936 0.00383409 0.         0.
 0.         0.         0.         0.         0.        ]---->
[0.00034049 0.         0.0012111  0.00332148 0.         0.
 0.         0.         0.         0.         0.        ]+[ 0.00021206  0.         -0.00660259  0.00281948  0.          0.
  0.          0.          0.          0.          0.        ]
----


----
[-0.00428556  0.          0.         -0.00492526  0.          0.
  0.          0.          0.          0.          0.        ]x[0. 0. 0. 0. 0. 0. 0. 0. 0. 0. 0.]---->
[-0.00266894  0.          0.         -0.00212818  0.          0.
  0.          0.          0.          0.          0.        ]+[0.00104092 0.         0.         0.00087988 0.         0.
 0.         0.         0.         0.         0.        ]
----


----
[-0.00428556  0.          0.         -0.00492526  0.          0.
  0.          0.          0.          0.          0.        ]x[ 0.01245941  0.         -0.00437272  0.          0.          0.
 -0.00021659  0.          0.          0.          0.        ]---->
[-0.00384846  0.         -0.00345865  0.00231126  0.          0.
 -0.00020857  0.          0.          0.          0.        ]+[ 0.00782843  0.         -0.0045004   0.00172324  0.          0.
 -0.00034644  0.          0.          0.          0.        ]
----


----
[ 0.02123785  0.         -0.00646467 -0.00372497  0.          0.
  0.          0.          0.          0.          0.        ]x[0.         0.         0.01371936 0.00383409 0.         0.
 0.         0.         0.         0.         0.        ]---->
[-0.01287696  0.          0.03155349  0.00330162  0.          0.
  0.          0.          0.          0.          0.        ]+[-0.01236487  0.          0.03200143 -0.00231386  0.          0.
  0.          0.          0.          0.          0.        ]
----


----
[ 0.01245941  0.         -0.00437272  0.          0.          0.
 -0.00021659  0.          0.          0.          0.        ]x[0.         0.         0.01371936 0.00383409 0.         0.
 0.         0.         0.         0.         0.        ]---->
[-4.93439682e-04  0.00000000e+00  8.82766483e-04  2.49094203e-03
  0.00000000e+00  0.00000000e+00 -9.07693608e-05  0.00000000e+00
  0.00000000e+00  0.00000000e+00  0.00000000e+00]+[-1.40582391e-03  0.00000000e+00 -1.81509309e-03 -1.66642360e-03
  0.00000000e+00  0.00000000e+00 -1.34285571e-05  0.00000000e+00
  0.00000000e+00  0.00000000e+00  0.00000000e+00]
----


----
[ 0.          0.         -0.00061915 -0.0001777   0.          0.
  0.          0.          0.          0.          0.        ]x[-9.24931647e-05  0.00000000e+00 -3.61623823e-03  0.00000000e+00
  0.00000000e+00  0.00000000e+00 -3.49177928e-03  0.00000000e+00
  0.00000000e+00  0.00000000e+00  0.00000000e+00]---->
[-0.00011075  0.         -0.00317291 -0.00031019  0.          0.
 -0.00285409  0.          0.          0.          0.        ]+[-1.07250413e-04  0.00000000e+00 -2.55440365e-03 -4.68285029e-05
  0.00000000e+00  0.00000000e+00 -3.07096564e-03  0.00000000e+00
  0.00000000e+00  0.00000000e+00  0.00000000e+00]
----


----
[ 0.02123785  0.         -0.00646467 -0.00372497  0.          0.
  0.          0.          0.          0.          0.        ]x[ 0.01245941  0.         -0.00437272  0.          0.          0.
 -0.00021659  0.          0.          0.          0.        ]---->
[ 5.09754195e-03  0.00000000e+00 -2.77933728e-03 -7.33971333e-07
  0.00000000e+00  0.00000000e+00 -2.86655081e-04  0.00000000e+00
  0.00000000e+00  0.00000000e+00  0.00000000e+00]+[ 0.01151531  0.         -0.00487417 -0.00226277  0.          0.
 -0.00034272  0.          0.          0.          0.        ]
----


----
[ 0.00253672  0.         -0.00067688 -0.00349044  0.          0.
  0.          0.          0.          0.          0.        ]x[ 0.          0.         -0.00061915 -0.0001777   0.          0.
  0.          0.          0.          0.          0.        ]---->
[ 0.00127117  0.         -0.00061348 -0.00038654  0.          0.
  0.          0.          0.          0.          0.        ]+[ 0.00047985  0.         -0.00060738  0.00034554  0.          0.
  0.          0.          0.          0.          0.        ]
----


Roullette Ends
XXXX-XXXX


Errors:>>

XXXXX-----XXXXX
kid: [0.00034049 0.         0.0012111  0.00332148 0.         0.
 0.         0.         0.         0.         0.        ] train error: 2031431054228.0571, validation error: 3625667127277.0547

kid: [ 0.00021206  0.         -0.00660259  0.00281948  0.          0.
  0.          0.          0.          0.          0.        ] train error: 2031387738083.407, validation error: 3625528334331.0205

kid: [-0.00266894  0.          0.         -0.00212818  0.          0.
  0.          0.          0.          0.          0.        ] train error: 2031185782611.2395, validation error: 3624542028942.9907

kid: [0.00104092 0.         0.         0.00087988 0.         0.
 0.         0.         0.         0.         0.        ] train error: 2031319358272.6824, validation error: 3625159983742.4688

kid: [-0.00384846  0.         -0.00345865  0.00231126  0.          0.
 -0.00020857  0.          0.          0.          0.        ] train error: 2031373616242.5312, validation error: 3625438258569.907

kid: [ 0.00782843  0.         -0.0045004   0.00179472  0.          0.
 -0.00034644  0.          0.          0.          0.        ] train error: 2031347891947.0415, validation error: 3625327410084.4375

kid: [-0.01287696  0.          0.03155349  0.00330162  0.          0.
  0.          0.          0.          0.          0.        ] train error: 2031511773763.5637, validation error: 3625801481399.6147

kid: [-0.01236487  0.          0.03200143 -0.00231386  0.          0.
  0.          0.          0.          0.          0.        ] train error: 2031263602183.4375, validation error: 3624649876100.04

kid: [-4.93439682e-04  0.00000000e+00  8.82766483e-04  2.49094203e-03
  0.00000000e+00  0.00000000e+00 -9.07693608e-05  0.00000000e+00
  0.00000000e+00  0.00000000e+00  0.00000000e+00] train error: 2031393280592.192, validation error: 3625494992254.0986

kid: [-1.40582391e-03  0.00000000e+00 -1.82413881e-03 -1.66642360e-03
  0.00000000e+00  0.00000000e+00 -1.32631919e-05  0.00000000e+00
  0.00000000e+00  0.00000000e+00  0.00000000e+00] train error: 2031201379621.9329, validation error: 3624628563186.6416

kid: [-0.00011075  0.         -0.00320963 -0.00031019  0.          0.
 -0.00294747  0.          0.          0.          0.        ] train error: 2031257874522.343, validation error: 3624900853116.12

kid: [-1.07250413e-04  0.00000000e+00 -2.55440365e-03 -4.68285029e-05
  0.00000000e+00  0.00000000e+00 -3.07096564e-03  0.00000000e+00
  0.00000000e+00  0.00000000e+00  0.00000000e+00] train error: 2031271331592.2356, validation error: 3624957945684.8022

kid: [ 5.09754195e-03  0.00000000e+00 -2.77933728e-03 -7.32121561e-07
  0.00000000e+00  0.00000000e+00 -2.86655081e-04  0.00000000e+00
  0.00000000e+00  0.00000000e+00  0.00000000e+00] train error: 2031272782945.0151, validation error: 3624966401515.216

kid: [ 0.01151531  0.         -0.00487417 -0.00226277  0.          0.
 -0.00034272  0.          0.          0.          0.        ] train error: 2031166719513.8691, validation error: 3624492174819.612

kid: [ 0.00127117  0.         -0.00061348 -0.00038654  0.          0.
  0.          0.          0.          0.          0.        ] train error: 2031261470644.0007, validation error: 3624897017179.843

XXXXX-----XXXXX

Best of Children: [-0.01287696  0.          0.03155349  0.00330162  0.          0.
  0.          0.          0.          0.          0.        ]->627.2385722684994

>>>>>>>>>

GENERATION : 3

Best of Pool:[ 0.02189477  0.         -0.00457395  0.          0.          0.
 -0.0029566   0.          0.          0.          0.        ]->627.7834891617304
Current Pool:
[[-4.28556342e-03  0.00000000e+00  0.00000000e+00 -4.92525618e-03
   0.00000000e+00  0.00000000e+00  0.00000000e+00  0.00000000e+00
   0.00000000e+00  0.00000000e+00  0.00000000e+00]
 [ 2.12378524e-02  0.00000000e+00 -6.46467433e-03 -3.72496560e-03
   0.00000000e+00  0.00000000e+00  0.00000000e+00  0.00000000e+00
   0.00000000e+00  0.00000000e+00  0.00000000e+00]
 [ 2.53671903e-03  0.00000000e+00 -6.76877273e-04 -3.49044169e-03
   0.00000000e+00  0.00000000e+00  0.00000000e+00  0.00000000e+00
   0.00000000e+00  0.00000000e+00  0.00000000e+00]
 [ 0.00000000e+00  0.00000000e+00  9.29316770e-03 -1.51888320e-03
   0.00000000e+00  0.00000000e+00 -1.68579115e-03  0.00000000e+00
   0.00000000e+00  0.00000000e+00  0.00000000e+00]
 [ 1.15153098e-02  0.00000000e+00 -4.87417227e-03 -2.26277125e-03
   0.00000000e+00  0.00000000e+00 -3.42721919e-04  0.00000000e+00
   0.00000000e+00  0.00000000e+00  0.00000000e+00]
 [-2.66894149e-03  0.00000000e+00  0.00000000e+00 -2.12817508e-03
   0.00000000e+00  0.00000000e+00  0.00000000e+00  0.00000000e+00
   0.00000000e+00  0.00000000e+00  0.00000000e+00]
 [-1.23648673e-02  0.00000000e+00  3.20014274e-02 -2.31385637e-03
   0.00000000e+00  0.00000000e+00  0.00000000e+00  0.00000000e+00
   0.00000000e+00  0.00000000e+00  0.00000000e+00]
 [-1.40582391e-03  0.00000000e+00 -1.82413881e-03 -1.66642360e-03
   0.00000000e+00  0.00000000e+00 -1.32631919e-05  0.00000000e+00
   0.00000000e+00  0.00000000e+00  0.00000000e+00]
 [ 1.27117414e-03  0.00000000e+00 -6.13482329e-04 -3.86541101e-04
   0.00000000e+00  0.00000000e+00  0.00000000e+00  0.00000000e+00
   0.00000000e+00  0.00000000e+00  0.00000000e+00]
 [-1.10746622e-04  0.00000000e+00 -3.20962626e-03 -3.10188734e-04
   0.00000000e+00  0.00000000e+00 -2.94747499e-03  0.00000000e+00
   0.00000000e+00  0.00000000e+00  0.00000000e+00]
 [ 4.50237065e-04  0.00000000e+00 -5.37715546e-04 -2.80473643e-04
   0.00000000e+00  0.00000000e+00  0.00000000e+00  0.00000000e+00
   0.00000000e+00  0.00000000e+00  0.00000000e+00]
 [ 0.00000000e+00  0.00000000e+00 -6.19153326e-04 -1.77695398e-04
   0.00000000e+00  0.00000000e+00  0.00000000e+00  0.00000000e+00
   0.00000000e+00  0.00000000e+00  0.00000000e+00]
 [-1.07250413e-04  0.00000000e+00 -2.55440365e-03 -4.68285029e-05
   0.00000000e+00  0.00000000e+00 -3.07096564e-03  0.00000000e+00
   0.00000000e+00  0.00000000e+00  0.00000000e+00]
 [ 1.48625327e-02  0.00000000e+00 -4.83090928e-03  0.00000000e+00
   0.00000000e+00  0.00000000e+00  1.35420902e-07  0.00000000e+00
   0.00000000e+00  0.00000000e+00  0.00000000e+00]
 [ 2.18947664e-02  0.00000000e+00 -4.57394640e-03  0.00000000e+00
   0.00000000e+00  0.00000000e+00 -2.95660026e-03  0.00000000e+00
   0.00000000e+00  0.00000000e+00  0.00000000e+00]]

....>>>>>....

XXXX-XXXX
Russian Roullette begins >>>


----
[-0.00428556  0.          0.         -0.00492526  0.          0.
  0.          0.          0.          0.          0.        ]x[-0.01236487  0.          0.03200143 -0.00231386  0.          0.
  0.          0.          0.          0.          0.        ]---->
[-0.01233816  0.          0.03359845 -0.00491707  0.          0.
  0.          0.          0.          0.          0.        ]+[-0.01197743  0.          0.01261714 -0.00526309  0.          0.
  0.          0.          0.          0.          0.        ]
----


----
[-0.01236487  0.          0.03200143 -0.00231386  0.          0.
  0.          0.          0.          0.          0.        ]x[-0.00011075  0.         -0.00320963 -0.00031019  0.          0.
 -0.00294747  0.          0.          0.          0.        ]---->
[-0.00321519  0.         -0.00492956 -0.00270004  0.          0.
 -0.00198987  0.          0.          0.          0.        ]+[-0.01952082  0.          0.00017195 -0.00097553  0.          0.
 -0.00240771  0.          0.          0.          0.        ]
----


----
[-0.00428556  0.          0.         -0.00492526  0.          0.
  0.          0.          0.          0.          0.        ]x[ 0.02123785  0.         -0.00646467 -0.00372497  0.          0.
  0.          0.          0.          0.          0.        ]---->
[ 0.02073005  0.         -0.00832366 -0.00579368  0.          0.
  0.          0.          0.          0.          0.        ]+[-0.0158761   0.         -0.00165392 -0.00371569  0.          0.
  0.          0.          0.          0.          0.        ]
----


----
[ 0.00045024  0.         -0.00053772 -0.00028047  0.          0.
  0.          0.          0.          0.          0.        ]x[ 0.          0.         -0.00061915 -0.0001777   0.          0.
  0.          0.          0.          0.          0.        ]---->
[-8.70848220e-05  0.00000000e+00 -6.08685174e-04 -2.01137442e-04
  0.00000000e+00  0.00000000e+00  0.00000000e+00  0.00000000e+00
  0.00000000e+00  0.00000000e+00  0.00000000e+00]+[-0.00026396  0.         -0.00064993 -0.00020197  0.          0.
  0.          0.          0.          0.          0.        ]
----


----
[-0.00428556  0.          0.         -0.00492526  0.          0.
  0.          0.          0.          0.          0.        ]x[-0.00266894  0.          0.         -0.00212818  0.          0.
  0.          0.          0.          0.          0.        ]---->
[-0.0039733   0.          0.         -0.00402174  0.          0.
  0.          0.          0.          0.          0.        ]+[-0.00294993  0.          0.         -0.00393659  0.          0.
  0.          0.          0.          0.          0.        ]
----


----
[ 0.          0.          0.00929317 -0.00151888  0.          0.
 -0.00168579  0.          0.          0.          0.        ]x[ 1.48625327e-02  0.00000000e+00 -4.83090928e-03  0.00000000e+00
  0.00000000e+00  0.00000000e+00  1.35420902e-07  0.00000000e+00
  0.00000000e+00  0.00000000e+00  0.00000000e+00]---->
[ 0.01957813  0.         -0.00360156 -0.0007965   0.          0.
 -0.00033168  0.          0.          0.          0.        ]+[ 0.01302332  0.         -0.0011682   0.00057633  0.          0.
 -0.00135207  0.          0.          0.          0.        ]
----


----
[-0.00428556  0.          0.         -0.00492526  0.          0.
  0.          0.          0.          0.          0.        ]x[ 0.00253672  0.         -0.00067688 -0.00349044  0.          0.
  0.          0.          0.          0.          0.        ]---->
[-0.00280759  0.         -0.00073875 -0.00262196  0.          0.
  0.          0.          0.          0.          0.        ]+[-0.00237622  0.         -0.00130166 -0.0030354   0.          0.
  0.          0.          0.          0.          0.        ]
----


----
[-0.00011075  0.         -0.00320963 -0.00031019  0.          0.
 -0.00294747  0.          0.          0.          0.        ]x[-1.07250413e-04  0.00000000e+00 -2.55440365e-03 -4.68285029e-05
  0.00000000e+00  0.00000000e+00 -3.07096564e-03  0.00000000e+00
  0.00000000e+00  0.00000000e+00  0.00000000e+00]---->
[-1.07128084e-04  0.00000000e+00 -2.59296990e-03 -4.05555291e-05
  0.00000000e+00  0.00000000e+00 -3.12159994e-03  0.00000000e+00
  0.00000000e+00  0.00000000e+00  0.00000000e+00]+[-1.10476337e-04  0.00000000e+00 -2.72203652e-03 -6.04589948e-05
  0.00000000e+00  0.00000000e+00 -3.06753358e-03  0.00000000e+00
  0.00000000e+00  0.00000000e+00  0.00000000e+00]
----


Roullette Ends
XXXX-XXXX


Errors:>>

XXXXX-----XXXXX
kid: [-0.01250741  0.          0.03359845 -0.00491707  0.          0.
  0.          0.          0.          0.          0.        ] train error: 2031152327967.1562, validation error: 3624122418631.0405

kid: [-0.01197743  0.          0.01261714 -0.00526309  0.          0.
  0.          0.          0.          0.          0.        ] train error: 2031080534073.0461, validation error: 3623955620616.447

kid: [-0.00321519  0.         -0.00492956 -0.00270004  0.          0.
 -0.00198987  0.          0.          0.          0.        ] train error: 2031147131905.472, validation error: 3624402063625.2944

kid: [-0.01952082  0.          0.00017195 -0.00097553  0.          0.
 -0.00240771  0.          0.          0.          0.        ] train error: 2031237394612.4487, validation error: 3624779554457.478

kid: [ 0.0213508   0.         -0.00832366 -0.00579368  0.          0.
  0.          0.          0.          0.          0.        ] train error: 2031000713182.6863, validation error: 3623751179603.693

kid: [-0.01558783  0.         -0.00165392 -0.00371569  0.          0.
  0.          0.          0.          0.          0.        ] train error: 2031110832867.3289, validation error: 3624208349923.789

kid: [-8.70848220e-05  0.00000000e+00 -6.08685174e-04 -2.01137442e-04
  0.00000000e+00  0.00000000e+00  0.00000000e+00  0.00000000e+00
  0.00000000e+00  0.00000000e+00  0.00000000e+00] train error: 2031269714146.948, validation error: 3624935123732.786

kid: [-0.00026396  0.         -0.00064993 -0.00020197  0.          0.
  0.          0.          0.          0.          0.        ] train error: 2031269565944.2031, validation error: 3624934764074.879

kid: [-0.0039733   0.          0.         -0.00402174  0.          0.
  0.          0.          0.          0.          0.        ] train error: 2031101714345.816, validation error: 3624153057288.8945

kid: [-0.00294993  0.          0.         -0.00405723  0.          0.
  0.          0.          0.          0.          0.        ] train error: 2031100140835.5781, validation error: 3624145770991.3657

kid: [ 0.02041154  0.         -0.00360156 -0.0007965   0.          0.
 -0.00034526  0.          0.          0.          0.        ] train error: 2031235261103.1672, validation error: 3624799211365.3647

kid: [ 0.01302332  0.         -0.0011682   0.00057633  0.          0.
 -0.00135207  0.          0.          0.          0.        ] train error: 2031302755122.9656, validation error: 3625092320545.048

kid: [-0.00280759  0.         -0.00073875 -0.00262196  0.          0.
  0.          0.          0.          0.          0.        ] train error: 2031161872099.2573, validation error: 3624437224172.4126

kid: [-0.00237622  0.         -0.00123815 -0.00298873  0.          0.
  0.          0.          0.          0.          0.        ] train error: 2031144246233.7808, validation error: 3624359605887.779

kid: [-1.07128084e-04  0.00000000e+00 -2.59296990e-03 -4.05555291e-05
  0.00000000e+00  0.00000000e+00 -3.12159994e-03  0.00000000e+00
  0.00000000e+00  0.00000000e+00  0.00000000e+00] train error: 2031271506394.4492, validation error: 3624959058389.095

XXXXX-----XXXXX

Best of Children: [ 0.01302332  0.         -0.0011682   0.00057633  0.          0.
 -0.00135207  0.          0.          0.          0.        ]->627.4354040805698

>>>>>>>>>

GENERATION : 4

Best of Pool:[-0.01236487  0.          0.03200143 -0.00231386  0.          0.
  0.          0.          0.          0.          0.        ]->627.8447384460995
Current Pool:
[[-0.00428556  0.          0.         -0.00492526  0.          0.
   0.          0.          0.          0.          0.        ]
 [ 0.02123785  0.         -0.00646467 -0.00372497  0.          0.
   0.          0.          0.          0.          0.        ]
 [ 0.00253672  0.         -0.00067688 -0.00349044  0.          0.
   0.          0.          0.          0.          0.        ]
 [ 0.01151531  0.         -0.00487417 -0.00226277  0.          0.
  -0.00034272  0.          0.          0.          0.        ]
 [ 0.0213508   0.         -0.00832366 -0.00579368  0.          0.
   0.          0.          0.          0.          0.        ]
 [-0.01197743  0.          0.01261714 -0.00526309  0.          0.
   0.          0.          0.          0.          0.        ]
 [-0.01250741  0.          0.03359845 -0.00491707  0.          0.
   0.          0.          0.          0.          0.        ]
 [-0.00294993  0.          0.         -0.00405723  0.          0.
   0.          0.          0.          0.          0.        ]
 [-0.0039733   0.          0.         -0.00402174  0.          0.
   0.          0.          0.          0.          0.        ]
 [-0.01558783  0.         -0.00165392 -0.00371569  0.          0.
   0.          0.          0.          0.          0.        ]
 [-0.00237622  0.         -0.00123815 -0.00298873  0.          0.
   0.          0.          0.          0.          0.        ]
 [-0.00321519  0.         -0.00492956 -0.00270004  0.          0.
  -0.00198987  0.          0.          0.          0.        ]
 [-0.00280759  0.         -0.00073875 -0.00262196  0.          0.
   0.          0.          0.          0.          0.        ]
 [-0.00266894  0.          0.         -0.00212818  0.          0.
   0.          0.          0.          0.          0.        ]
 [-0.01236487  0.          0.03200143 -0.00231386  0.          0.
   0.          0.          0.          0.          0.        ]]

....>>>>>....

XXXX-XXXX
Russian Roullette begins >>>


----
[-0.00321519  0.         -0.00492956 -0.00270004  0.          0.
 -0.00198987  0.          0.          0.          0.        ]x[-0.00280759  0.         -0.00073875 -0.00262196  0.          0.
  0.          0.          0.          0.          0.        ]---->
[-0.00253441  0.         -0.00624491 -0.00269316  0.          0.
 -0.0016951   0.          0.          0.          0.        ]+[-0.00290705  0.         -0.00138419 -0.00270996  0.          0.
 -0.00129352  0.          0.          0.          0.        ]
----


----
[-0.01558783  0.         -0.00165392 -0.00371569  0.          0.
  0.          0.          0.          0.          0.        ]x[-0.00237622  0.         -0.00123815 -0.00298873  0.          0.
  0.          0.          0.          0.          0.        ]---->
[ 0.00248686  0.         -0.00112245 -0.00274468  0.          0.
  0.          0.          0.          0.          0.        ]+[-0.00818165  0.         -0.00122532 -0.00348468  0.          0.
  0.          0.          0.          0.          0.        ]
----


----
[-0.01197743  0.          0.01261714 -0.00526309  0.          0.
  0.          0.          0.          0.          0.        ]x[-0.00237622  0.         -0.00123815 -0.00298873  0.          0.
  0.          0.          0.          0.          0.        ]---->
[-0.01212131  0.         -0.00069312 -0.00285105  0.          0.
  0.          0.          0.          0.          0.        ]+[-1.10359108e-02  0.00000000e+00  6.73374852e-05 -5.31380044e-03
  0.00000000e+00  0.00000000e+00  0.00000000e+00  0.00000000e+00
  0.00000000e+00  0.00000000e+00  0.00000000e+00]
----


----
[ 0.02123785  0.         -0.00646467 -0.00372497  0.          0.
  0.          0.          0.          0.          0.        ]x[-0.00280759  0.         -0.00073875 -0.00262196  0.          0.
  0.          0.          0.          0.          0.        ]---->
[-0.01802571  0.         -0.00078118 -0.00238733  0.          0.
  0.          0.          0.          0.          0.        ]+[-0.01788808  0.          0.00141825 -0.0033599   0.          0.
  0.          0.          0.          0.          0.        ]
----


----
[-0.00294993  0.          0.         -0.00405723  0.          0.
  0.          0.          0.          0.          0.        ]x[-0.0039733   0.          0.         -0.00402174  0.          0.
  0.          0.          0.          0.          0.        ]---->
[-0.00428476  0.          0.         -0.00404758  0.          0.
  0.          0.          0.          0.          0.        ]+[-0.00341463  0.          0.         -0.00404862  0.          0.
  0.          0.          0.          0.          0.        ]
----


----
[-0.01197743  0.          0.01261714 -0.00526309  0.          0.
  0.          0.          0.          0.          0.        ]x[ 0.02123785  0.         -0.00646467 -0.00372497  0.          0.
  0.          0.          0.          0.          0.        ]---->
[ 0.02237773  0.         -0.01085503 -0.00551115  0.          0.
  0.          0.          0.          0.          0.        ]+[ 0.02757136  0.         -0.01177643 -0.00284523  0.          0.
  0.          0.          0.          0.          0.        ]
----


----
[-0.00266894  0.          0.         -0.00212818  0.          0.
  0.          0.          0.          0.          0.        ]x[-0.01236487  0.          0.03200143 -0.00231386  0.          0.
  0.          0.          0.          0.          0.        ]---->
[-0.00670178  0.         -0.02607796 -0.00217658  0.          0.
  0.          0.          0.          0.          0.        ]+[-0.01039736  0.         -0.01853062 -0.00223856  0.          0.
  0.          0.          0.          0.          0.        ]
----


----
[-0.01197743  0.          0.01261714 -0.00526309  0.          0.
  0.          0.          0.          0.          0.        ]x[-0.00280759  0.         -0.00073875 -0.00262196  0.          0.
  0.          0.          0.          0.          0.        ]---->
[-0.01057093  0.          0.00236764 -0.00497207  0.          0.
  0.          0.          0.          0.          0.        ]+[-0.00426836  0.         -0.00789392 -0.00371723  0.          0.
  0.          0.          0.          0.          0.        ]
----


Roullette Ends
XXXX-XXXX


Errors:>>

XXXXX-----XXXXX
kid: [-0.00257585  0.         -0.00624491 -0.00269316  0.          0.
 -0.0016951   0.          0.          0.          0.        ] train error: 2031143900590.981, validation error: 3624397477626.8076

kid: [-0.00290705  0.         -0.00143442 -0.00270996  0.          0.
 -0.00129352  0.          0.          0.          0.        ] train error: 2031156093569.9888, validation error: 3624415973851.936

kid: [ 0.00248686  0.         -0.00112245 -0.00274468  0.          0.
  0.          0.          0.          0.          0.        ] train error: 2031155400773.9844, validation error: 3624410278838.9985

kid: [-0.00813636  0.         -0.00122532 -0.00348468  0.          0.
  0.          0.          0.          0.          0.        ] train error: 2031122253379.067, validation error: 3624257774958.087

kid: [-0.01212131  0.         -0.00070864 -0.00285105  0.          0.
  0.          0.          0.          0.          0.        ] train error: 2031151766677.8745, validation error: 3624390279877.497

kid: [-1.10359108e-02  0.00000000e+00  6.73374852e-05 -5.31380044e-03
  0.00000000e+00  0.00000000e+00  0.00000000e+00  0.00000000e+00
  0.00000000e+00  0.00000000e+00  0.00000000e+00] train error: 2031044528978.7368, validation error: 3623887950847.883

kid: [-0.01802571  0.         -0.00074645 -0.00238733  0.          0.
  0.          0.          0.          0.          0.        ] train error: 2031172243169.3489, validation error: 3624485350671.3374

kid: [-0.01847225  0.          0.0014327  -0.0033599   0.          0.
  0.          0.          0.          0.          0.        ] train error: 2031134925448.9067, validation error: 3624295509934.046

kid: [-0.00428476  0.          0.         -0.00404758  0.          0.
  0.          0.          0.          0.          0.        ] train error: 2031100567004.0964, validation error: 3624147750022.9365

kid: [-0.00341463  0.          0.         -0.00404862  0.          0.
  0.          0.          0.          0.          0.        ] train error: 2031100522210.2856, validation error: 3624147538136.5337

kid: [ 0.02237773  0.         -0.01085503 -0.00551115  0.          0.
  0.          0.          0.          0.          0.        ] train error: 2031006446947.5593, validation error: 3623797665574.3584

kid: [ 0.02757136  0.         -0.01177643 -0.00284523  0.          0.
  0.          0.          0.          0.          0.        ] train error: 2031122321189.168, validation error: 3624341074089.3774

kid: [-0.00670178  0.         -0.02607796 -0.00227638  0.          0.
  0.          0.          0.          0.          0.        ] train error: 2031109050793.733, validation error: 3624392590349.4976

kid: [-0.01039736  0.         -0.01853062 -0.00223856  0.          0.
  0.          0.          0.          0.          0.        ] train error: 2031131024721.675, validation error: 3624434786530.009

kid: [-0.01057093  0.          0.00242851 -0.00497207  0.          0.
  0.          0.          0.          0.          0.        ] train error: 2031066049468.9597, validation error: 3623968916227.8604

XXXXX-----XXXXX

Best of Children: [-0.01802571  0.         -0.00074645 -0.00238733  0.          0.
  0.          0.          0.          0.          0.        ]->627.623029831098

>>>>>>>>>

GENERATION : 5

Best of Pool:[ 0.00253672  0.         -0.00067688 -0.00349044  0.          0.
  0.          0.          0.          0.          0.        ]->627.8447384460995
Current Pool:
[[ 2.13507980e-02  0.00000000e+00 -8.32365849e-03 -5.79367897e-03
   0.00000000e+00  0.00000000e+00  0.00000000e+00  0.00000000e+00
   0.00000000e+00  0.00000000e+00  0.00000000e+00]
 [-1.19774310e-02  0.00000000e+00  1.26171446e-02 -5.26308928e-03
   0.00000000e+00  0.00000000e+00  0.00000000e+00  0.00000000e+00
   0.00000000e+00  0.00000000e+00  0.00000000e+00]
 [-4.28556342e-03  0.00000000e+00  0.00000000e+00 -4.92525618e-03
   0.00000000e+00  0.00000000e+00  0.00000000e+00  0.00000000e+00
   0.00000000e+00  0.00000000e+00  0.00000000e+00]
 [-1.25074132e-02  0.00000000e+00  3.35984467e-02 -4.91706845e-03
   0.00000000e+00  0.00000000e+00  0.00000000e+00  0.00000000e+00
   0.00000000e+00  0.00000000e+00  0.00000000e+00]
 [ 2.23777336e-02  0.00000000e+00 -1.08550343e-02 -5.51114536e-03
   0.00000000e+00  0.00000000e+00  0.00000000e+00  0.00000000e+00
   0.00000000e+00  0.00000000e+00  0.00000000e+00]
 [-1.10359108e-02  0.00000000e+00  6.73374852e-05 -5.31380044e-03
   0.00000000e+00  0.00000000e+00  0.00000000e+00  0.00000000e+00
   0.00000000e+00  0.00000000e+00  0.00000000e+00]
 [-1.05709330e-02  0.00000000e+00  2.42850889e-03 -4.97207343e-03
   0.00000000e+00  0.00000000e+00  0.00000000e+00  0.00000000e+00
   0.00000000e+00  0.00000000e+00  0.00000000e+00]
 [-2.94993378e-03  0.00000000e+00  0.00000000e+00 -4.05722615e-03
   0.00000000e+00  0.00000000e+00  0.00000000e+00  0.00000000e+00
   0.00000000e+00  0.00000000e+00  0.00000000e+00]
 [-3.41463365e-03  0.00000000e+00  0.00000000e+00 -4.04861771e-03
   0.00000000e+00  0.00000000e+00  0.00000000e+00  0.00000000e+00
   0.00000000e+00  0.00000000e+00  0.00000000e+00]
 [-4.28475965e-03  0.00000000e+00  0.00000000e+00 -4.04757605e-03
   0.00000000e+00  0.00000000e+00  0.00000000e+00  0.00000000e+00
   0.00000000e+00  0.00000000e+00  0.00000000e+00]
 [-3.97330213e-03  0.00000000e+00  0.00000000e+00 -4.02174225e-03
   0.00000000e+00  0.00000000e+00  0.00000000e+00  0.00000000e+00
   0.00000000e+00  0.00000000e+00  0.00000000e+00]
 [ 2.12378524e-02  0.00000000e+00 -6.46467433e-03 -3.72496560e-03
   0.00000000e+00  0.00000000e+00  0.00000000e+00  0.00000000e+00
   0.00000000e+00  0.00000000e+00  0.00000000e+00]
 [-1.55878277e-02  0.00000000e+00 -1.65391621e-03 -3.71569059e-03
   0.00000000e+00  0.00000000e+00  0.00000000e+00  0.00000000e+00
   0.00000000e+00  0.00000000e+00  0.00000000e+00]
 [-8.13635880e-03  0.00000000e+00 -1.22532242e-03 -3.48468337e-03
   0.00000000e+00  0.00000000e+00  0.00000000e+00  0.00000000e+00
   0.00000000e+00  0.00000000e+00  0.00000000e+00]
 [ 2.53671903e-03  0.00000000e+00 -6.76877273e-04 -3.49044169e-03
   0.00000000e+00  0.00000000e+00  0.00000000e+00  0.00000000e+00
   0.00000000e+00  0.00000000e+00  0.00000000e+00]]

....>>>>>....

XXXX-XXXX
Russian Roullette begins >>>


----
[-0.00294993  0.          0.         -0.00405723  0.          0.
  0.          0.          0.          0.          0.        ]x[-0.00813636  0.         -0.00122532 -0.00348468  0.          0.
  0.          0.          0.          0.          0.        ]---->
[-0.00875925  0.         -0.00117113 -0.00400914  0.          0.
  0.          0.          0.          0.          0.        ]+[-0.00898628  0.         -0.00126267 -0.00400169  0.          0.
  0.          0.          0.          0.          0.        ]
----


----
[ 0.0213508   0.         -0.00832366 -0.00579368  0.          0.
  0.          0.          0.          0.          0.        ]x[-0.00428556  0.          0.         -0.00492526  0.          0.
  0.          0.          0.          0.          0.        ]---->
[-0.00376384  0.         -0.00240942 -0.00599994  0.          0.
  0.          0.          0.          0.          0.        ]+[-0.00152235  0.         -0.00011649 -0.00550314  0.          0.
  0.          0.          0.          0.          0.        ]
----


----
[-0.00428476  0.          0.         -0.00404758  0.          0.
  0.          0.          0.          0.          0.        ]x[-0.0039733   0.          0.         -0.00402174  0.          0.
  0.          0.          0.          0.          0.        ]---->
[-0.00380309  0.          0.         -0.00401144  0.          0.
  0.          0.          0.          0.          0.        ]+[-0.0040545   0.          0.         -0.00402024  0.          0.
  0.          0.          0.          0.          0.        ]
----


----
[ 0.0213508   0.         -0.00832366 -0.00579368  0.          0.
  0.          0.          0.          0.          0.        ]x[-0.00428476  0.          0.         -0.00404758  0.          0.
  0.          0.          0.          0.          0.        ]---->
[ 0.0011648   0.         -0.00342966 -0.00400882  0.          0.
  0.          0.          0.          0.          0.        ]+[-0.0072541   0.         -0.00953798 -0.0039666   0.          0.
  0.          0.          0.          0.          0.        ]
----


----
[-0.0039733   0.          0.         -0.00402174  0.          0.
  0.          0.          0.          0.          0.        ]x[-0.00813636  0.         -0.00122532 -0.00348468  0.          0.
  0.          0.          0.          0.          0.        ]---->
[-0.00742804  0.         -0.00120416 -0.00405203  0.          0.
  0.          0.          0.          0.          0.        ]+[-0.00662978  0.         -0.00107913 -0.0037444   0.          0.
  0.          0.          0.          0.          0.        ]
----


----
[-0.00428556  0.          0.         -0.00492526  0.          0.
  0.          0.          0.          0.          0.        ]x[-0.01250741  0.          0.03359845 -0.00491707  0.          0.
  0.          0.          0.          0.          0.        ]---->
[-0.01481621  0.          0.03394372 -0.00491912  0.          0.
  0.          0.          0.          0.          0.        ]+[-0.01172221  0.          0.04787404 -0.0049224   0.          0.
  0.          0.          0.          0.          0.        ]
----


----
[-0.01057093  0.          0.00242851 -0.00497207  0.          0.
  0.          0.          0.          0.          0.        ]x[ 0.02123785  0.         -0.00646467 -0.00372497  0.          0.
  0.          0.          0.          0.          0.        ]---->
[ 0.00223626  0.         -0.00528372 -0.00354497  0.          0.
  0.          0.          0.          0.          0.        ]+[ 0.01755937  0.         -0.00700827 -0.00500372  0.          0.
  0.          0.          0.          0.          0.        ]
----


----
[ 0.0213508   0.         -0.00832366 -0.00579368  0.          0.
  0.          0.          0.          0.          0.        ]x[ 0.00253672  0.         -0.00067688 -0.00349044  0.          0.
  0.          0.          0.          0.          0.        ]---->
[ 0.01084713  0.         -0.00656941 -0.00483942  0.          0.
  0.          0.          0.          0.          0.        ]+[-0.00570758  0.          0.00068508 -0.00343807  0.          0.
  0.          0.          0.          0.          0.        ]
----


Roullette Ends
XXXX-XXXX


Errors:>>

XXXXX-----XXXXX
kid: [-0.00875925  0.         -0.00117113 -0.00400914  0.          0.
  0.          0.          0.          0.          0.        ] train error: 2031099115938.525, validation error: 3624150292123.104

kid: [-0.00898628  0.         -0.00126267 -0.00404384  0.          0.
  0.          0.          0.          0.          0.        ] train error: 2031097328718.0632, validation error: 3624142745276.0283

kid: [-0.00376736  0.         -0.00231429 -0.00599994  0.          0.
  0.          0.          0.          0.          0.        ] train error: 2031007679703.0554, validation error: 3623736169824.6943

kid: [-0.00152235  0.         -0.00012144 -0.00550314  0.          0.
  0.          0.          0.          0.          0.        ] train error: 2031035632688.3313, validation error: 3623848221613.2812

kid: [-0.00380309  0.          0.         -0.00401144  0.          0.
  0.          0.          0.          0.          0.        ] train error: 2031102171890.2788, validation error: 3624155173509.236

kid: [-0.0040545   0.          0.         -0.00387962  0.          0.
  0.          0.          0.          0.          0.        ] train error: 2031108023424.1812, validation error: 3624182250639.072

kid: [ 0.0011648   0.         -0.00342966 -0.00400882  0.          0.
  0.          0.          0.          0.          0.        ] train error: 2031093071479.644, validation error: 3624140076029.884

kid: [-0.0072541   0.         -0.00953798 -0.0039666   0.          0.
  0.          0.          0.          0.          0.        ] train error: 2031078501963.0144, validation error: 3624120860402.6943

kid: [-0.00742804  0.         -0.00120416 -0.00405203  0.          0.
  0.          0.          0.          0.          0.        ] train error: 2031097124969.433, validation error: 3624141332983.755

kid: [-0.00658111  0.         -0.00107913 -0.00364791  0.          0.
  0.          0.          0.          0.          0.        ] train error: 2031115403131.4817, validation error: 3624224917852.729

kid: [-0.01481621  0.          0.03394372 -0.00474784  0.          0.
  0.          0.          0.          0.          0.        ] train error: 2031160764954.941, validation error: 3624158749117.544

kid: [-0.01172221  0.          0.04567595 -0.0049224   0.          0.
  0.          0.          0.          0.          0.        ] train error: 2031184578888.3743, validation error: 3624176428240.905

kid: [ 0.00214422  0.         -0.00528372 -0.00354497  0.          0.
  0.          0.          0.          0.          0.        ] train error: 2031108677801.4075, validation error: 3624226899016.246

kid: [ 0.01755937  0.         -0.00727244 -0.00500372  0.          0.
  0.          0.          0.          0.          0.        ] train error: 2031038598731.9446, validation error: 3623918225329.2563

kid: [ 0.01094948  0.         -0.00656941 -0.00483942  0.          0.
  0.          0.          0.          0.          0.        ] train error: 2031047771449.9949, validation error: 3623955163088.0327

XXXXX-----XXXXX

Best of Children: [ 0.00214422  0.         -0.00528372 -0.00354497  0.          0.
  0.          0.          0.          0.          0.        ]->627.6998070095802

>>>>>>>>>

GENERATION : 6

Best of Pool:[-0.00742804  0.         -0.00120416 -0.00405203  0.          0.
  0.          0.          0.          0.          0.        ]->627.8534013814424
Current Pool:
[[ 2.13507980e-02  0.00000000e+00 -8.32365849e-03 -5.79367897e-03
   0.00000000e+00  0.00000000e+00  0.00000000e+00  0.00000000e+00
   0.00000000e+00  0.00000000e+00  0.00000000e+00]
 [ 2.23777336e-02  0.00000000e+00 -1.08550343e-02 -5.51114536e-03
   0.00000000e+00  0.00000000e+00  0.00000000e+00  0.00000000e+00
   0.00000000e+00  0.00000000e+00  0.00000000e+00]
 [-1.10359108e-02  0.00000000e+00  6.73374852e-05 -5.31380044e-03
   0.00000000e+00  0.00000000e+00  0.00000000e+00  0.00000000e+00
   0.00000000e+00  0.00000000e+00  0.00000000e+00]
 [-1.19774310e-02  0.00000000e+00  1.26171446e-02 -5.26308928e-03
   0.00000000e+00  0.00000000e+00  0.00000000e+00  0.00000000e+00
   0.00000000e+00  0.00000000e+00  0.00000000e+00]
 [-3.76735884e-03  0.00000000e+00 -2.31428701e-03 -5.99993906e-03
   0.00000000e+00  0.00000000e+00  0.00000000e+00  0.00000000e+00
   0.00000000e+00  0.00000000e+00  0.00000000e+00]
 [-1.52234831e-03  0.00000000e+00 -1.21442194e-04 -5.50314033e-03
   0.00000000e+00  0.00000000e+00  0.00000000e+00  0.00000000e+00
   0.00000000e+00  0.00000000e+00  0.00000000e+00]
 [ 1.75593704e-02  0.00000000e+00 -7.27244430e-03 -5.00371638e-03
   0.00000000e+00  0.00000000e+00  0.00000000e+00  0.00000000e+00
   0.00000000e+00  0.00000000e+00  0.00000000e+00]
 [-1.05709330e-02  0.00000000e+00  2.42850889e-03 -4.97207343e-03
   0.00000000e+00  0.00000000e+00  0.00000000e+00  0.00000000e+00
   0.00000000e+00  0.00000000e+00  0.00000000e+00]
 [-4.28556342e-03  0.00000000e+00  0.00000000e+00 -4.92525618e-03
   0.00000000e+00  0.00000000e+00  0.00000000e+00  0.00000000e+00
   0.00000000e+00  0.00000000e+00  0.00000000e+00]
 [ 1.09494818e-02  0.00000000e+00 -6.56941379e-03 -4.83942461e-03
   0.00000000e+00  0.00000000e+00  0.00000000e+00  0.00000000e+00
   0.00000000e+00  0.00000000e+00  0.00000000e+00]
 [-1.25074132e-02  0.00000000e+00  3.35984467e-02 -4.91706845e-03
   0.00000000e+00  0.00000000e+00  0.00000000e+00  0.00000000e+00
   0.00000000e+00  0.00000000e+00  0.00000000e+00]
 [-1.17222051e-02  0.00000000e+00  4.56759543e-02 -4.92239976e-03
   0.00000000e+00  0.00000000e+00  0.00000000e+00  0.00000000e+00
   0.00000000e+00  0.00000000e+00  0.00000000e+00]
 [-1.48162110e-02  0.00000000e+00  3.39437167e-02 -4.74784205e-03
   0.00000000e+00  0.00000000e+00  0.00000000e+00  0.00000000e+00
   0.00000000e+00  0.00000000e+00  0.00000000e+00]
 [-7.25410486e-03  0.00000000e+00 -9.53798070e-03 -3.96659753e-03
   0.00000000e+00  0.00000000e+00  0.00000000e+00  0.00000000e+00
   0.00000000e+00  0.00000000e+00  0.00000000e+00]
 [-7.42804096e-03  0.00000000e+00 -1.20416462e-03 -4.05203350e-03
   0.00000000e+00  0.00000000e+00  0.00000000e+00  0.00000000e+00
   0.00000000e+00  0.00000000e+00  0.00000000e+00]]

....>>>>>....

XXXX-XXXX
Russian Roullette begins >>>


----
[ 0.0213508   0.         -0.00832366 -0.00579368  0.          0.
  0.          0.          0.          0.          0.        ]x[-0.01481621  0.          0.03394372 -0.00474784  0.          0.
  0.          0.          0.          0.          0.        ]---->
[-0.01277637  0.          0.03041856 -0.00539908  0.          0.
  0.          0.          0.          0.          0.        ]+[-0.01244375  0.          0.00607265 -0.00503241  0.          0.
  0.          0.          0.          0.          0.        ]
----


----
[-0.00152235  0.         -0.00012144 -0.00550314  0.          0.
  0.          0.          0.          0.          0.        ]x[-0.01250741  0.          0.03359845 -0.00491707  0.          0.
  0.          0.          0.          0.          0.        ]---->
[-0.01256064  0.          0.03011523 -0.00540781  0.          0.
  0.          0.          0.          0.          0.        ]+[-0.01773707  0.          0.04886522 -0.00545286  0.          0.
  0.          0.          0.          0.          0.        ]
----


----
[-1.10359108e-02  0.00000000e+00  6.73374852e-05 -5.31380044e-03
  0.00000000e+00  0.00000000e+00  0.00000000e+00  0.00000000e+00
  0.00000000e+00  0.00000000e+00  0.00000000e+00]x[-0.01250741  0.          0.03359845 -0.00491707  0.          0.
  0.          0.          0.          0.          0.        ]---->
[-0.01311735  0.         -0.0247104  -0.00478683  0.          0.
  0.          0.          0.          0.          0.        ]+[-0.01330404  0.          0.02728194 -0.00528028  0.          0.
  0.          0.          0.          0.          0.        ]
----


----
[-0.00152235  0.         -0.00012144 -0.00550314  0.          0.
  0.          0.          0.          0.          0.        ]x[-0.01057093  0.          0.00242851 -0.00497207  0.          0.
  0.          0.          0.          0.          0.        ]---->
[-0.01217064  0.         -0.00064488 -0.00505104  0.          0.
  0.          0.          0.          0.          0.        ]+[-0.01255574  0.          0.00329013 -0.00500338  0.          0.
  0.          0.          0.          0.          0.        ]
----


----
[-0.01250741  0.          0.03359845 -0.00491707  0.          0.
  0.          0.          0.          0.          0.        ]x[-0.01172221  0.          0.04567595 -0.0049224   0.          0.
  0.          0.          0.          0.          0.        ]---->
[-0.01284266  0.          0.03647329 -0.00492285  0.          0.
  0.          0.          0.          0.          0.        ]+[-0.01212156  0.          0.03624946 -0.00492522  0.          0.
  0.          0.          0.          0.          0.        ]
----


----
[-0.01057093  0.          0.00242851 -0.00497207  0.          0.
  0.          0.          0.          0.          0.        ]x[-0.01481621  0.          0.03394372 -0.00474784  0.          0.
  0.          0.          0.          0.          0.        ]---->
[-0.01436371  0.          0.0080177  -0.00502451  0.          0.
  0.          0.          0.          0.          0.        ]+[-0.01654072  0.          0.04224171 -0.004716    0.          0.
  0.          0.          0.          0.          0.        ]
----


----
[-0.00152235  0.         -0.00012144 -0.00550314  0.          0.
  0.          0.          0.          0.          0.        ]x[-0.00742804  0.         -0.00120416 -0.00405203  0.          0.
  0.          0.          0.          0.          0.        ]---->
[-0.01079227  0.         -0.00199646 -0.00572252  0.          0.
  0.          0.          0.          0.          0.        ]+[-0.00837876  0.         -0.00184424 -0.00310161  0.          0.
  0.          0.          0.          0.          0.        ]
----


----
[ 0.0213508   0.         -0.00832366 -0.00579368  0.          0.
  0.          0.          0.          0.          0.        ]x[-0.01250741  0.          0.03359845 -0.00491707  0.          0.
  0.          0.          0.          0.          0.        ]---->
[-0.01007399  0.         -0.02186219 -0.00486892  0.          0.
  0.          0.          0.          0.          0.        ]+[-0.01154013  0.          0.00697571 -0.00522144  0.          0.
  0.          0.          0.          0.          0.        ]
----


Roullette Ends
XXXX-XXXX


Errors:>>

XXXXX-----XXXXX
kid: [-0.01277637  0.          0.03041856 -0.00539908  0.          0.
  0.          0.          0.          0.          0.        ] train error: 2031122378010.2031, validation error: 3624008901890.768

kid: [-0.01244375  0.          0.00607265 -0.00503241  0.          0.
  0.          0.          0.          0.          0.        ] train error: 2031073169998.246, validation error: 3623973144654.9873

kid: [-0.01256064  0.          0.03011523 -0.00540781  0.          0.
  0.          0.          0.          0.          0.        ] train error: 2031121174846.724, validation error: 3624005724733.974

kid: [-0.01773707  0.          0.04767116 -0.00545286  0.          0.
  0.          0.          0.          0.          0.        ] train error: 2031166388243.9468, validation error: 3624076554782.5938

kid: [-0.01311735  0.         -0.02395782 -0.00470966  0.          0.
  0.          0.          0.          0.          0.        ] train error: 2031006721690.1582, validation error: 3623902428673.798

kid: [-0.01330404  0.          0.02728194 -0.00528028  0.          0.
  0.          0.          0.          0.          0.        ] train error: 2031119213561.1133, validation error: 3624018991703.7334

kid: [-0.01217064  0.         -0.00064488 -0.00515775  0.          0.
  0.          0.          0.          0.          0.        ] train error: 2031049538450.5, validation error: 3623916753003.958

kid: [-0.01255574  0.          0.00329013 -0.00482526  0.          0.
  0.          0.          0.          0.          0.        ] train error: 2031074880872.0522, validation error: 3624002999556.7905

kid: [-0.01284266  0.          0.03647329 -0.00492285  0.          0.
  0.          0.          0.          0.          0.        ] train error: 2031159803429.8618, validation error: 3624134345963.3696

kid: [-0.01252506  0.          0.03624946 -0.00492522  0.          0.
  0.          0.          0.          0.          0.        ] train error: 2031159096679.4058, validation error: 3624132838629.6226

kid: [-0.01436371  0.          0.0080177  -0.00502451  0.          0.
  0.          0.          0.          0.          0.        ] train error: 2031078748831.3481, validation error: 3623983635132.284

kid: [-0.01654072  0.          0.04224171 -0.004716    0.          0.
  0.          0.          0.          0.          0.        ] train error: 2031184495632.3418, validation error: 3624203144566.2646

kid: [-0.01079227  0.         -0.00199646 -0.00572252  0.          0.
  0.          0.          0.          0.          0.        ] train error: 2031020836255.709, validation error: 3623794583805.9546

kid: [-0.00837876  0.         -0.00184424 -0.00310161  0.          0.
  0.          0.          0.          0.          0.        ] train error: 2031137594577.1348, validation error: 3624333638802.901

kid: [-0.01007399  0.         -0.02186219 -0.00486892  0.          0.
  0.          0.          0.          0.          0.        ] train error: 2031005294185.7368, validation error: 3623879285258.532

XXXXX-----XXXXX

Best of Children: [-0.00837876  0.         -0.00184424 -0.00310161  0.          0.
  0.          0.          0.          0.          0.        ]->627.6691456925897
XXXXXXX--NEXT TIME---XXXXXX
Parents:
[[-3.76735884e-03  0.00000000e+00 -2.31428701e-03 -5.99993906e-03
   0.00000000e+00  0.00000000e+00  0.00000000e+00  0.00000000e+00
   0.00000000e+00  0.00000000e+00  0.00000000e+00]
 [ 2.13507980e-02  0.00000000e+00 -8.32365849e-03 -5.79367897e-03
   0.00000000e+00  0.00000000e+00  0.00000000e+00  0.00000000e+00
   0.00000000e+00  0.00000000e+00  0.00000000e+00]
 [ 2.23777336e-02  0.00000000e+00 -1.08550343e-02 -5.51114536e-03
   0.00000000e+00  0.00000000e+00  0.00000000e+00  0.00000000e+00
   0.00000000e+00  0.00000000e+00  0.00000000e+00]
 [-1.52234831e-03  0.00000000e+00 -1.21442194e-04 -5.50314033e-03
   0.00000000e+00  0.00000000e+00  0.00000000e+00  0.00000000e+00
   0.00000000e+00  0.00000000e+00  0.00000000e+00]
 [-1.10359108e-02  0.00000000e+00  6.73374852e-05 -5.31380044e-03
   0.00000000e+00  0.00000000e+00  0.00000000e+00  0.00000000e+00
   0.00000000e+00  0.00000000e+00  0.00000000e+00]
 [-1.19774310e-02  0.00000000e+00  1.26171446e-02 -5.26308928e-03
   0.00000000e+00  0.00000000e+00  0.00000000e+00  0.00000000e+00
   0.00000000e+00  0.00000000e+00  0.00000000e+00]
 [ 1.75593704e-02  0.00000000e+00 -7.27244430e-03 -5.00371638e-03
   0.00000000e+00  0.00000000e+00  0.00000000e+00  0.00000000e+00
   0.00000000e+00  0.00000000e+00  0.00000000e+00]
 [-1.05709330e-02  0.00000000e+00  2.42850889e-03 -4.97207343e-03
   0.00000000e+00  0.00000000e+00  0.00000000e+00  0.00000000e+00
   0.00000000e+00  0.00000000e+00  0.00000000e+00]
 [-4.28556342e-03  0.00000000e+00  0.00000000e+00 -4.92525618e-03
   0.00000000e+00  0.00000000e+00  0.00000000e+00  0.00000000e+00
   0.00000000e+00  0.00000000e+00  0.00000000e+00]
 [ 1.09494818e-02  0.00000000e+00 -6.56941379e-03 -4.83942461e-03
   0.00000000e+00  0.00000000e+00  0.00000000e+00  0.00000000e+00
   0.00000000e+00  0.00000000e+00  0.00000000e+00]
 [-1.25074132e-02  0.00000000e+00  3.35984467e-02 -4.91706845e-03
   0.00000000e+00  0.00000000e+00  0.00000000e+00  0.00000000e+00
   0.00000000e+00  0.00000000e+00  0.00000000e+00]
 [-1.17222051e-02  0.00000000e+00  4.56759543e-02 -4.92239976e-03
   0.00000000e+00  0.00000000e+00  0.00000000e+00  0.00000000e+00
   0.00000000e+00  0.00000000e+00  0.00000000e+00]
 [-1.48162110e-02  0.00000000e+00  3.39437167e-02 -4.74784205e-03
   0.00000000e+00  0.00000000e+00  0.00000000e+00  0.00000000e+00
   0.00000000e+00  0.00000000e+00  0.00000000e+00]
 [-7.25410486e-03  0.00000000e+00 -9.53798070e-03 -3.96659753e-03
   0.00000000e+00  0.00000000e+00  0.00000000e+00  0.00000000e+00
   0.00000000e+00  0.00000000e+00  0.00000000e+00]
 [-7.42804096e-03  0.00000000e+00 -1.20416462e-03 -4.05203350e-03
   0.00000000e+00  0.00000000e+00  0.00000000e+00  0.00000000e+00
   0.00000000e+00  0.00000000e+00  0.00000000e+00]]
Children:
[[-0.01079227  0.         -0.00199646 -0.00572252  0.          0.
   0.          0.          0.          0.          0.        ]
 [-0.01217064  0.         -0.00064488 -0.00515775  0.          0.
   0.          0.          0.          0.          0.        ]
 [-0.01007399  0.         -0.02186219 -0.00486892  0.          0.
   0.          0.          0.          0.          0.        ]
 [-0.01256064  0.          0.03011523 -0.00540781  0.          0.
   0.          0.          0.          0.          0.        ]
 [-0.01277637  0.          0.03041856 -0.00539908  0.          0.
   0.          0.          0.          0.          0.        ]
 [-0.01311735  0.         -0.02395782 -0.00470966  0.          0.
   0.          0.          0.          0.          0.        ]
 [-0.01330404  0.          0.02728194 -0.00528028  0.          0.
   0.          0.          0.          0.          0.        ]
 [-0.01244375  0.          0.00607265 -0.00503241  0.          0.
   0.          0.          0.          0.          0.        ]
 [-0.01436371  0.          0.0080177  -0.00502451  0.          0.
   0.          0.          0.          0.          0.        ]
 [-0.01773707  0.          0.04767116 -0.00545286  0.          0.
   0.          0.          0.          0.          0.        ]
 [-0.01255574  0.          0.00329013 -0.00482526  0.          0.
   0.          0.          0.          0.          0.        ]
 [-0.01252506  0.          0.03624946 -0.00492522  0.          0.
   0.          0.          0.          0.          0.        ]
 [-0.01284266  0.          0.03647329 -0.00492285  0.          0.
   0.          0.          0.          0.          0.        ]
 [-0.01654072  0.          0.04224171 -0.004716    0.          0.
   0.          0.          0.          0.          0.        ]
 [-0.00837876  0.         -0.00184424 -0.00310161  0.          0.
   0.          0.          0.          0.          0.        ]]
Current Toppers:
[[-3.76735884e-03  0.00000000e+00 -2.31428701e-03 -5.99993906e-03
   0.00000000e+00  0.00000000e+00  0.00000000e+00  0.00000000e+00
   0.00000000e+00  0.00000000e+00  0.00000000e+00]
 [ 2.13507980e-02  0.00000000e+00 -8.32365849e-03 -5.79367897e-03
   0.00000000e+00  0.00000000e+00  0.00000000e+00  0.00000000e+00
   0.00000000e+00  0.00000000e+00  0.00000000e+00]
 [-1.07922695e-02  0.00000000e+00 -1.99646022e-03 -5.72252349e-03
   0.00000000e+00  0.00000000e+00  0.00000000e+00  0.00000000e+00
   0.00000000e+00  0.00000000e+00  0.00000000e+00]
 [ 2.23777336e-02  0.00000000e+00 -1.08550343e-02 -5.51114536e-03
   0.00000000e+00  0.00000000e+00  0.00000000e+00  0.00000000e+00
   0.00000000e+00  0.00000000e+00  0.00000000e+00]
 [-1.52234831e-03  0.00000000e+00 -1.21442194e-04 -5.50314033e-03
   0.00000000e+00  0.00000000e+00  0.00000000e+00  0.00000000e+00
   0.00000000e+00  0.00000000e+00  0.00000000e+00]
 [-1.10359108e-02  0.00000000e+00  6.73374852e-05 -5.31380044e-03
   0.00000000e+00  0.00000000e+00  0.00000000e+00  0.00000000e+00
   0.00000000e+00  0.00000000e+00  0.00000000e+00]
 [-1.21706385e-02  0.00000000e+00 -6.44878308e-04 -5.15774511e-03
   0.00000000e+00  0.00000000e+00  0.00000000e+00  0.00000000e+00
   0.00000000e+00  0.00000000e+00  0.00000000e+00]
 [-1.00739900e-02  0.00000000e+00 -2.18621915e-02 -4.86891591e-03
   0.00000000e+00  0.00000000e+00  0.00000000e+00  0.00000000e+00
   0.00000000e+00  0.00000000e+00  0.00000000e+00]
 [-1.19774310e-02  0.00000000e+00  1.26171446e-02 -5.26308928e-03
   0.00000000e+00  0.00000000e+00  0.00000000e+00  0.00000000e+00
   0.00000000e+00  0.00000000e+00  0.00000000e+00]
 [ 1.75593704e-02  0.00000000e+00 -7.27244430e-03 -5.00371638e-03
   0.00000000e+00  0.00000000e+00  0.00000000e+00  0.00000000e+00
   0.00000000e+00  0.00000000e+00  0.00000000e+00]]
Their Fitness:
[627.85340138 627.84473845 627.83556141 627.82867479 627.82025139
 627.80809857 627.79872099 627.79605016 627.79561841 627.79382905]
BEST !: [2031007679703.0554, 3623736169824.6943] [-0.00376736  0.         -0.00231429 -0.00599994  0.          0.
  0.          0.          0.          0.          0.        ]
120
