kid: [ 0.00000000e+00 -1.45799022e-12 -2.28980078e-13  4.62010753e-11
 -1.75214813e-10 -1.83669770e-15  8.52944060e-16  2.29423303e-05
 -2.04721003e-06 -1.59792834e-08  9.98214034e-10] train error: 13510723304.19212, validation error: 368296592820.6967
kid: [-4.22163223e-04 -1.45799022e-12 -2.66063861e-13  6.27516361e-11
 -1.75214813e-10 -1.83669770e-15  8.52944060e-16  4.46893895e-06
 -2.04721003e-06 -1.59792834e-08  3.58521704e-10] train error: 289141157065649.94, validation error: 537716817027588.2
kid: [ 1.11754129e-05 -1.45799022e-12 -2.93623866e-13  4.62010753e-11
 -1.75214813e-10 -1.83669770e-15  5.09655343e-16  4.13903840e-05
 -2.04721003e-06 -1.77574649e-08  9.98214034e-10] train error: 7397075713386.857, validation error: 17632924565051.65
kid: [ 2.29714445e-04 -1.45799022e-12 -2.54829193e-13  4.62010753e-11
 -2.54859966e-10 -1.18773830e-15  8.52944060e-16  2.29423303e-05
 -2.04721003e-06 -1.59792834e-08  1.39627587e-09] train error: 78274170974047.98, validation error: 155018219757851.06
kid: [ 4.67085991e-04 -1.45799022e-12 -3.91996477e-14  6.07888366e-11
 -1.59957743e-10 -1.83669770e-15  8.52944060e-16  2.29423303e-05
 -3.40732914e-06 -2.53332008e-08  9.98214034e-10] train error: 267864585693183.6, validation error: 506102409790311.1
kid: [ 1.17677597e-04 -1.45799022e-12 -2.02095048e-14  4.62010753e-11
 -1.75214813e-10 -1.83669770e-15  8.52944060e-16  4.45622282e-05
 -2.04721003e-06 -9.49276143e-09  1.33168206e-10] train error: 139641010443949.38, validation error: 234814092327327.7
kid: [ 7.93875819e-05 -1.45799022e-12 -1.28195052e-14  4.62010753e-11
 -1.75214813e-10 -1.83669770e-15  5.70966200e-16  1.81591810e-05
 -2.55529558e-06 -2.92328434e-08  9.98214034e-10] train error: 126381719558316.05, validation error: 235588877845577.75
kid: [ 7.48147296e-05 -1.45799022e-12 -3.11694734e-13  4.62010753e-11
 -1.75214813e-10 -2.29814257e-15  1.43987978e-15  4.54355341e-05
 -2.04721003e-06 -1.59792834e-08  1.07468025e-09] train error: 31332710925196.8, validation error: 69470087762979.2
kid: [-4.71891301e-04 -2.85277540e-12 -1.17591358e-13  6.77304216e-12
 -1.75214813e-10 -1.83669770e-15  8.52944060e-16  1.11534780e-05
 -2.04721003e-06 -9.07488481e-09  9.98214034e-10] train error: 741882720631.1599, validation error: 2719952336576.103
kid: [-3.86682444e-04 -1.62375118e-12 -2.28980078e-13  3.68976593e-11
 -1.75214813e-10 -7.76978867e-16  8.52944060e-16  2.29423303e-05
 -2.04721003e-06 -2.28742884e-08  1.41337293e-09] train error: 42184408164145.67, validation error: 81053509628990.28
kid: [-1.29653100e-04 -1.45799022e-12 -2.28980078e-13  4.62010753e-11
 -1.75214813e-10 -1.83669770e-15  1.37809929e-15  3.89750583e-05
 -2.04721003e-06 -7.21569703e-10  2.08657221e-10] train error: 58048410833040.35, validation error: 85674019249556.14
kid: [-2.11780859e-04 -1.45799022e-12 -7.93209908e-14  4.62010753e-11
 -1.75214813e-10 -1.83669770e-15  1.59157408e-15  2.29423303e-05
 -2.04721003e-06 -2.25544076e-08  1.06794529e-09] train error: 2123962005703.5898, validation error: 2629620768665.71
kid: [-4.78916552e-05 -1.45799022e-12 -2.13673606e-13  4.62010753e-11
 -1.29060991e-10 -1.83669770e-15  1.58703328e-15  2.29423303e-05
 -2.04721003e-06 -2.94008071e-08  1.82691519e-09] train error: 142279036375956.7, validation error: 274265709928315.5
kid: [ 2.98389676e-04 -1.45799022e-12 -4.35929144e-13  4.62010753e-11
 -2.40419156e-10 -1.83669770e-15  8.52944060e-16  3.49796579e-05
 -2.04721003e-06 -1.49478444e-08  9.98214034e-10] train error: 7476805955507.286, validation error: 17801093297794.24
kid: [-1.18861561e-04 -1.45799022e-12 -2.28980078e-13  4.62010753e-11
 -1.86188990e-10 -7.02746712e-16  8.52944060e-16  3.35295451e-05
 -2.57509035e-06 -1.59792834e-08  1.04939703e-09] train error: 2142623362426.0854, validation error: 2305826522189.1675
gen: 0 best:1095716382607032.2
kid: [-1.68135206e-04 -1.45911973e-12 -2.66063861e-13  5.72902648e-11
 -1.75214813e-10 -1.83669770e-15  9.45670210e-16  8.83227852e-06
 -2.04721003e-06 -1.59792834e-08  3.58521704e-10] train error: 262471189147552.5, validation error: 485749678898883.0
kid: [ 7.54772451e-05 -1.45538696e-12 -5.32916690e-13  4.62010753e-11
 -1.44850484e-10 -1.29785277e-15  1.31236742e-15  4.24091778e-05
 -2.04721003e-06 -2.59239735e-09  6.79364663e-10] train error: 12442563511661.785, validation error: 21604093559296.85
kid: [ 7.53597453e-05 -4.48897542e-13 -2.69700027e-14  4.62010753e-11
 -1.45446488e-10 -3.23733679e-15  2.13487258e-16  2.16330906e-05
 -2.04721003e-06  1.57666587e-09  1.02894092e-09] train error: 54169135903681.67, validation error: 118814550335106.12
kid: [-6.16406078e-05 -1.45799022e-12 -2.21135204e-13  4.26358709e-11
 -1.75214813e-10 -1.09183700e-15  9.86487451e-16  5.16523695e-05
 -2.04721003e-06 -2.14548364e-08  2.08678295e-10] train error: 184658544811921.75, validation error: 327779181414425.06
kid: [-1.67418180e-04 -2.72830530e-12 -2.98068820e-14  7.47105788e-11
 -1.75214813e-10 -5.15158016e-16  5.83515710e-16  6.29971551e-05
 -3.94436547e-06 -9.35631507e-09  1.15411951e-10] train error: 643731114637509.4, validation error: 1165615544396342.2
kid: [-6.20668996e-05 -1.45799022e-12 -2.13673606e-13  4.62010753e-11
 -2.53841192e-11 -3.66212148e-15  1.58703328e-15  2.29423303e-05
 -8.25041744e-07 -5.52103846e-08  1.82691519e-09] train error: 132736873742449.12, validation error: 234155369378301.4
kid: [ 1.55106958e-04 -1.05055599e-12 -4.80716722e-14  4.28524982e-11
 -3.23075432e-10 -1.83669770e-15  8.64866918e-16  1.91004311e-05
 -2.08675710e-06 -1.69537701e-08 -9.36780078e-12] train error: 526064474559090.8, validation error: 973874258559211.8
kid: [ 2.61062376e-04 -1.06162688e-13 -3.94046231e-14  4.75221904e-11
 -7.06139014e-11 -1.83669770e-15  9.37524919e-17  2.37216048e-05
 -3.22106603e-06 -6.52619833e-09  1.68548003e-10] train error: 582068040751978.1, validation error: 1074186549678291.4
kid: [-2.02769665e-04 -1.45799022e-12 -2.59050531e-13  8.61135117e-11
 -1.88990133e-10 -7.73641471e-16  8.43321273e-16  8.58142546e-06
 -2.04721003e-06 -2.59987244e-08  2.60106121e-10] train error: 489237420949115.8, validation error: 930524849570611.0
kid: [-1.24142167e-04 -1.45799022e-12 -2.81112838e-13  1.99207657e-11
 -2.17419298e-10 -1.83669770e-15  1.17957976e-15  8.40006997e-06
 -2.04721003e-06 -3.00224435e-08  1.37344067e-09] train error: 4223907597596.798, validation error: 2083295877816.4583
gen: 1 best:2392154431232023.0
kid: [ 1.55106958e-04 -1.53997918e-12 -4.80716722e-14  2.36476959e-11
 -3.23075432e-10 -3.37963094e-15  1.07665538e-15  1.91004311e-05
 -2.61606484e-06 -1.69537701e-08 -9.36780078e-12] train error: 816726480044299.8, validation error: 1500399809774930.2
kid: [-5.80997805e-04 -2.77366464e-12 -1.81907896e-13  9.13117728e-11
 -1.75214813e-10 -1.99077119e-15  1.29252871e-15  8.81201284e-06
 -9.40955091e-07 -1.97242863e-08  4.42245113e-10] train error: 39735815669444.85, validation error: 63839185648750.79
kid: [-3.00678552e-05 -1.51064013e-12 -1.98395501e-13  6.19457377e-11
 -3.41794910e-10 -1.55776107e-15  1.14476094e-15  1.81165532e-05
 -1.41225570e-06 -1.58921270e-08  2.85953015e-10] train error: 102447457839012.05, validation error: 182269130069865.3
kid: [-5.08646442e-08 -2.72830530e-12 -3.30844967e-14  7.47105788e-11
 -1.75214813e-10 -3.56337085e-16  9.80271462e-16  6.29971551e-05
 -6.59944601e-06 -9.35631507e-09  1.15411951e-10] train error: 2436463713872401.5, validation error: 4574160863790418.0
kid: [-1.75121300e-04 -7.08753416e-13 -3.72304469e-14  1.99678570e-12
 -3.40837840e-10 -1.74284774e-15  3.81266055e-17  3.30240176e-05
 -5.56205755e-06 -1.10433657e-08 -9.18216288e-12] train error: 2437740791158198.5, validation error: 4600642024134132.0
kid: [ 9.97484248e-06 -1.53848251e-12 -4.83700135e-14  7.94319801e-11
 -1.42848028e-10 -1.62469455e-15  8.51105659e-16  2.82861042e-05
 -5.08069252e-06 -2.42158980e-09 -1.46311604e-11] train error: 1783565722589064.2, validation error: 3345726118847071.0
kid: [ 2.02585055e-04 -1.02652117e-12 -6.32695664e-14  3.66909230e-11
 -2.27903900e-10 -7.77795645e-16 -2.26292830e-17  2.58836199e-06
 -4.38849522e-06 -9.53890175e-09  2.81755909e-10] train error: 1357655233029151.5, validation error: 2607532224802381.0
kid: [-4.78823194e-04 -1.34988093e-12 -3.70047822e-14  4.10908573e-11
 -7.33039994e-11 -1.29078938e-15 -1.28582927e-16  5.05482160e-05
 -2.19263365e-06 -1.96866258e-08  1.80074029e-10] train error: 227078749166011.94, validation error: 404023572073013.1
kid: [ 2.61062376e-04 -1.06162688e-13 -3.94046231e-14  6.06263350e-11
 -7.06139014e-11 -1.53521187e-15  6.82021665e-17  2.37216048e-05
 -3.13747120e-06 -6.52619833e-09  2.27593637e-10] train error: 481731377280444.2, validation error: 889586500976572.2
kid: [-4.66471852e-05 -5.11314638e-13 -2.96450926e-13  5.20255840e-11
 -7.65558335e-11 -1.87581980e-16 -4.11594421e-16  1.30686312e-05
 -2.57896810e-06 -2.86680552e-08  4.26566824e-11] train error: 995907504060383.2, validation error: 1911492927290046.8
gen: 2 best:9338703827359396.0
kid: [-1.54516375e-04 -1.59943294e-12 -4.59944434e-14 -1.98000067e-11
 -3.86879689e-10 -6.72442074e-16 -4.13702901e-16  2.76012415e-05
 -5.12594034e-06 -7.84258566e-10 -1.27951533e-11] train error: 1723891293451282.2, validation error: 3252956364447848.0
kid: [-1.51747337e-04 -1.62801484e-12 -7.68328384e-14  1.52907313e-12
 -7.08774890e-10 -1.56780142e-16 -7.58006947e-17  4.16232405e-05
 -5.35206222e-06 -4.70194180e-09 -1.31070466e-11] train error: 1803710813707866.0, validation error: 3400382315631499.5
kid: [-1.75121300e-04 -7.08753416e-13 -3.72304469e-14  1.99678570e-12
 -3.40837840e-10 -3.02108670e-15  7.21260161e-17  2.84262444e-05
 -1.09627259e-06 -9.28355416e-10 -9.18216288e-12] train error: 38413744113730.43, validation error: 53337049456397.33
kid: [ 6.55540574e-04 -7.48485399e-13 -5.11821305e-14  2.20002892e-11
  2.42820275e-13 -2.33512144e-15  2.21225327e-17  2.15305407e-05
 -5.81630458e-06 -5.14290145e-09 -5.23799207e-11] train error: 2752710414401973.5, validation error: 5193899743723036.0
kid: [-3.33910341e-04 -1.74355855e-13 -3.96231287e-14  5.92504869e-11
 -1.55187621e-10 -1.27128879e-15  4.14209397e-17  3.62894474e-05
 -4.19539941e-06 -1.02247175e-08  2.65232911e-11] train error: 1225977706576985.8, validation error: 2293116620728139.5
kid: [-5.08646442e-08 -2.72830530e-12 -3.30844967e-14  7.47105788e-11
 -1.09900395e-10 -2.52149183e-16  9.80271462e-16  1.12313287e-04
 -6.84383919e-06 -9.35631507e-09  1.72414344e-10] train error: 1742990620221233.0, validation error: 3136332031780236.0
kid: [ 5.37982267e-06 -3.06190577e-12 -4.43452452e-14  7.45581719e-11
 -1.79479351e-10 -1.55084889e-15  8.76780397e-16  8.48217176e-05
 -1.07722059e-05 -5.68112969e-09 -1.59360538e-11] train error: 7268830654177451.0, validation error: 1.366870427016129e+16
kid: [-2.32937930e-06 -2.92764106e-12 -4.86847913e-14  7.17964214e-11
 -1.94412224e-10 -7.32423719e-16  4.37678227e-16  5.53748658e-05
 -9.86769093e-06 -6.59050186e-09  9.76010770e-11] train error: 6368290475483772.0, validation error: 1.2106714699533644e+16
kid: [-7.21848267e-06 -1.53042319e-12 -4.99074628e-14  7.38418376e-11
 -1.51396802e-10 -2.19011579e-15  1.39964210e-15  1.44695339e-05
 -1.13105844e-07 -1.51375199e-08  6.33344698e-13] train error: 29128968173601.79, validation error: 41765632987883.055
kid: [-4.59816258e-06 -2.54644522e-12 -3.93845481e-14  3.19974589e-11
 -4.00004338e-12 -1.16628330e-15  8.69765475e-16  4.53590240e-05
 -6.41796657e-06 -2.43477840e-08  1.01234214e-10] train error: 3358478238164492.5, validation error: 6392106904266907.0
gen: 3 best:2.7771887059419388e+16
kid: [-7.24831314e-06 -2.54644522e-12 -3.88934605e-14  3.19974589e-11
 -3.77429728e-12 -1.16628330e-15  8.69765475e-16  6.51243102e-05
 -6.41796657e-06 -2.43477840e-08  3.35570290e-11] train error: 3119140843233798.0, validation error: 5886268707990645.0
kid: [-3.09910423e-06 -5.77251044e-12 -4.81875431e-14  1.00520569e-10
 -1.95629487e-10 -9.00888131e-16  4.67895805e-16  1.01870533e-04
 -1.08446797e-05 -6.51143493e-09  4.75849280e-11] train error: 6653910704537957.0, validation error: 1.2461832573817996e+16
kid: [-2.32152744e-06 -2.99931167e-12 -1.33325195e-15  7.20007409e-11
 -1.33346188e-10 -1.48871697e-16  5.34451276e-16  5.88486803e-05
 -1.08633179e-05 -6.52660559e-09  6.54700453e-11] train error: 7844849683662165.0, validation error: 1.4957376971162278e+16
kid: [-4.73101119e-07 -4.92277867e-12 -3.38337917e-14  7.55238374e-11
 -7.70951661e-11 -4.25373848e-16  9.81651772e-16  5.58200262e-05
 -1.02669886e-05 -8.43330911e-09  7.96073975e-11] train error: 7114526911744674.0, validation error: 1.3560030101046238e+16
kid: [-4.16485365e-06 -2.94317442e-12 -3.96145673e-14  2.29641959e-12
 -7.34861449e-11 -6.36699596e-16  1.53608100e-16  6.18538177e-05
 -1.05440450e-05 -8.79310652e-09  1.06096815e-10] train error: 7309322744537176.0, validation error: 1.3904610737233168e+16
kid: [-2.32937930e-06 -2.92764106e-12 -8.61300335e-14  7.17964214e-11
 -1.94412224e-10 -5.17208946e-16  1.46192240e-16  5.53748658e-05
 -1.09996170e-05 -6.59050186e-09  6.55177635e-11] train error: 8217399775848411.0, validation error: 1.5668832905723216e+16
kid: [-3.72914735e-06 -2.47463845e-12 -4.51836183e-14  4.82521055e-11
 -1.14044280e-10 -1.90834051e-15  1.59246043e-15  4.66475970e-05
 -8.16786157e-06 -2.09920507e-08  2.34138400e-11] train error: 5511643700179524.0, validation error: 1.048202314303113e+16
kid: [-3.98493857e-06 -2.73840840e-12 -6.16063981e-15  2.32334776e-11
 -2.01977227e-10 -1.17459346e-15  4.13420869e-16  4.89348333e-05
 -8.66399878e-06 -1.28157376e-08  9.93086184e-11] train error: 5307546341364610.0, validation error: 1.0094437591597596e+16
kid: [ 2.81667766e-06 -1.27722600e-12 -4.72975130e-14  7.33147531e-11
 -1.98742680e-10 -2.24404799e-15  4.71209253e-16  6.83381765e-05
 -1.60118506e-05 -7.66251055e-09 -2.37996564e-11] train error: 1.8809702160427736e+16, validation error: 3.585562786647245e+16
kid: [-3.46106147e-06 -3.08428581e-12 -3.97398889e-14  7.35071221e-11
 -2.98677174e-10 -1.68004640e-15  5.23828210e-16  6.08184034e-05
 -1.06222844e-05 -1.15764925e-08  3.69404199e-11] train error: 8026966541543669.0, validation error: 1.5240657993508774e+16
gen: 4 best:7.259314396013642e+16
kid: [ 1.04765983e-06 -1.59557216e-12 -1.06474856e-14  1.32851839e-10
 -4.09280656e-11 -2.08296130e-15  2.17771039e-16  5.58090597e-05
 -1.29696024e-05 -8.97549142e-09 -1.68346227e-11] train error: 1.2558756589012842e+16, validation error: 2.3925594682584844e+16
kid: [ 3.95001775e-06 -3.02240974e-12 -1.36158335e-14  1.87833833e-11
 -2.05429345e-10 -1.89793118e-15  2.61433423e-16  2.00763572e-05
 -8.26039376e-06 -5.69296119e-09 -2.15250871e-11] train error: 5516817877889894.0, validation error: 1.0520276285836646e+16
kid: [-4.04956088e-07 -3.75951451e-12 -4.98947652e-14  4.20034630e-11
 -1.09987312e-10  3.05639803e-17  2.57568280e-16  5.37771877e-05
 -1.57334207e-05 -6.14771904e-09  1.03560978e-11] train error: 1.8126447782643332e+16, validation error: 3.479840920912478e+16
kid: [-3.40546233e-06 -2.85761970e-12 -1.10500507e-13  1.96825641e-12
 -1.93551343e-10 -4.58239849e-16  3.76044904e-17  5.72065369e-05
 -1.41123821e-05 -7.53353443e-09  9.52511243e-12] train error: 1.4438440035439706e+16, validation error: 2.7640688942670424e+16
kid: [-3.15661961e-06 -3.52450915e-12 -9.11690407e-14  7.10287452e-11
 -1.96184618e-10 -4.89811140e-16  1.14239394e-16  5.30229407e-05
 -1.77290009e-05 -8.29668391e-10  3.20535354e-11] train error: 2.2638873339764484e+16, validation error: 4.343162343687754e+16
kid: [-2.57677007e-06 -6.81676726e-12 -1.39727790e-13  7.11187690e-11
 -1.96214758e-10 -4.83115683e-16  2.32670504e-16  5.20975910e-05
 -1.19063562e-05 -7.81587087e-09  2.38596934e-12] train error: 1.026419514026392e+16, validation error: 1.962382121526505e+16
kid: [-3.25644789e-06 -3.80923396e-12 -1.07162389e-13  7.11712551e-11
 -1.94312656e-10 -1.03209413e-15  2.96796677e-17  1.53465922e-05
 -1.58139297e-05 -1.35647704e-08  3.98532975e-11] train error: 2.1126778747964584e+16, validation error: 4.076950123890299e+16
kid: [-5.34583830e-06 -4.01381730e-12 -1.11053180e-13  7.08261212e-11
 -3.31924625e-10  4.96984771e-16  5.04524716e-17  4.91795372e-05
 -6.11685236e-06 -1.09886311e-08  6.52714640e-12] train error: 2496800920028702.5, validation error: 4746176168336772.0
kid: [ 1.87224385e-06 -1.51175819e-12 -5.04482300e-14  7.31816895e-11
 -3.46590320e-10 -1.05828953e-15  4.48367621e-16  1.14681051e-04
 -1.96564035e-05 -8.32807158e-09 -1.94348216e-11] train error: 2.6106030713647852e+16, validation error: 4.967779397739452e+16
kid: [ 8.04978047e-07 -2.14208907e-12 -3.91769101e-14  2.06096601e-12
 -2.06420063e-10 -1.45939150e-15  5.26173583e-16  1.21019720e-04
 -1.92372537e-05 -1.44992472e-08 -6.13523252e-11] train error: 2.5712564536947576e+16, validation error: 4.888556279840082e+16
gen: 5 best:1.0062272167973963e+17
kid: [ 5.69423234e-07 -1.91006108e-12 -2.06464245e-14 -3.87694932e-12
 -7.65344472e-11 -1.47655399e-15  5.01863271e-16  2.22483450e-04
 -1.95514942e-05 -2.28907317e-09 -5.49837635e-11] train error: 1.9640098329473452e+16, validation error: 3.6372525665660984e+16
kid: [ 7.97856579e-07 -2.13048938e-12 -4.07261405e-14  4.04499458e-13
 -1.98903559e-10 -2.48591473e-15  4.55289370e-16  1.56674421e-04
 -1.93215451e-05 -1.41146881e-08 -8.76420882e-11] train error: 2.425778250771007e+16, validation error: 4.573019475125678e+16
kid: [ 2.81667766e-06 -6.74353676e-13 -4.72975130e-14  7.33147531e-11
 -1.98742680e-10 -2.24404799e-15  4.71209253e-16  2.79742087e-06
 -1.85000310e-05 -1.44556673e-08 -2.68834848e-11] train error: 3.043737871957283e+16, validation error: 5.873389709273929e+16
kid: [ 1.87224385e-06 -5.93695617e-13 -5.04482300e-14  6.84836265e-11
 -1.69224429e-10 -1.05828953e-15  4.48367621e-16  1.14681051e-04
 -2.66597475e-05 -2.94474836e-09 -1.94348216e-11] train error: 4.968971708022685e+16, validation error: 9.50015693110821e+16
kid: [ 8.04978047e-07 -2.14208907e-12 -4.74905617e-14  2.19346260e-12
 -3.50958096e-10 -1.45939150e-15  5.26173583e-16  1.76900940e-04
 -1.92372537e-05 -1.44992472e-08 -1.21126397e-10] train error: 2.302630573442388e+16, validation error: 4.330970267348864e+16
kid: [-2.66905622e-06 -3.17460713e-12 -9.57772595e-14  4.03698588e-11
 -2.03204031e-10 -5.74902972e-16 -1.26587802e-16  2.94755465e-05
 -3.40118555e-05 -2.09612271e-08 -6.16313327e-11] train error: 9.81204043750774e+16, validation error: 1.8980091017837946e+17
kid: [-2.91336799e-06 -4.34095694e-12 -1.13357808e-13  7.58795585e-11
 -3.16904302e-10 -1.22752722e-15  1.58973408e-16  2.34881255e-05
 -1.90911644e-05 -4.16178551e-10  2.10599482e-12] train error: 2.855192112947841e+16, validation error: 5.4966431395744936e+16
kid: [-5.29247037e-06 -4.41840345e-12 -9.11200403e-14  1.37186044e-10
 -1.95590160e-10 -1.79581834e-16  2.85690426e-17  2.42149089e-05
 -3.50133082e-05 -1.00045046e-08  1.68201094e-10] train error: 9.829985441120752e+16, validation error: 1.902146462654319e+17
kid: [-2.97386323e-06 -3.54225246e-12 -1.03499701e-13  7.23292469e-11
 -2.03567623e-10 -2.12714047e-15 -1.09974237e-17  3.52676135e-05
 -1.85949801e-05 -1.52338888e-08  7.34326951e-11] train error: 2.8099047533724256e+16, validation error: 5.4038152207246664e+16
kid: [-3.29981206e-06 -3.11205748e-12 -7.61481859e-14 -1.17383397e-11
 -3.31390305e-10 -2.44017662e-16  7.59528019e-17  1.94530819e-05
 -1.79714186e-05 -1.11802417e-09 -2.39404161e-11] train error: 2.555124635570132e+16, validation error: 4.928889606723258e+16
gen: 6 best:3.836218238093554e+17
kid: [-4.64114137e-06 -4.41840345e-12 -9.11200403e-14  2.53166633e-10
 -6.76877917e-11 -1.79581834e-16  1.36692976e-17  2.42149089e-05
 -3.50133082e-05 -1.94511244e-08  1.68201094e-10] train error: 1.0083946773143846e+17, validation error: 1.9525453937752234e+17
kid: [ 2.23313098e-06 -1.48443955e-12 -5.04482300e-14  1.10753631e-10
 -3.51141984e-10 -1.05828953e-15  8.10145051e-16  1.14681051e-04
 -3.72910179e-07 -9.99522283e-09 -2.77682913e-11] train error: 192609213933376.47, validation error: 402078499035124.1
kid: [ 3.39869465e-07 -1.13482590e-12 -9.03970995e-16  7.00989428e-11
 -4.52723947e-10 -1.05828953e-15  4.48367621e-16  8.83989857e-06
 -2.86012069e-05 -1.35594308e-08 -1.94348216e-11] train error: 6.968972552799676e+16, validation error: 1.3481572888290506e+17
kid: [-3.26815625e-06 -5.53273711e-12 -1.37436741e-13  2.19287170e-10
 -2.01343280e-10 -1.67046002e-17 -1.62730707e-16  2.94188833e-05
 -5.86120931e-05 -2.23570054e-08 -1.21258297e-10] train error: 2.898342452512041e+17, validation error: 5.6135968412482886e+17
kid: [-6.66062805e-06 -3.18840365e-12 -7.37718570e-14  2.92192367e-11
 -2.02432980e-10 -7.99617905e-16 -1.15859163e-16  1.82266530e-06
 -4.90863146e-05 -1.47981998e-08 -9.35816460e-11] train error: 2.0553900135104464e+17, validation error: 3.9816985480895034e+17
kid: [-3.55489949e-06 -3.58896716e-12 -7.07975610e-14 -3.26527227e-12
 -3.18694710e-10 -1.30879622e-15  4.81254750e-16  1.04741207e-04
 -5.92375430e-05 -5.73204419e-09 -6.15023383e-11] train error: 2.7342266698889123e+17, validation error: 5.2723399659142694e+17
kid: [-4.79081635e-07 -4.49104874e-12 -1.32350927e-13  1.17029924e-12
 -1.39619245e-10 -9.02346998e-16  1.40159776e-16  4.10882963e-05
 -5.00243210e-06 -1.29949946e-08 -6.17534921e-11] train error: 1966146486628554.8, validation error: 3708598859559728.0
kid: [-1.78773994e-06 -3.41558450e-12 -8.65570069e-14  5.04076745e-11
 -2.20676110e-10 -4.03467159e-16 -1.07624320e-16  2.77332190e-05
 -6.41541639e-06 -1.93256193e-08  8.85107091e-12] train error: 3661356825481777.0, validation error: 7023628216141328.0
kid: [-1.36102941e-06 -3.28566163e-12 -1.06078823e-13  8.17371450e-11
 -2.00081343e-10 -8.38713269e-16 -8.90032016e-17  2.86946244e-05
 -2.37985196e-05 -2.09483168e-08  4.83936566e-11] train error: 4.7686055797301864e+16, validation error: 9.214536552435237e+16
kid: [ 1.00598990e-06 -2.14208907e-12 -3.91769101e-14  2.06096601e-12
 -3.71191909e-10 -1.45939150e-15  5.26173583e-16  1.24400882e-04
 -3.54771357e-05 -1.44992472e-08 -9.75184286e-11] train error: 9.489648836374262e+16, validation error: 1.821080540218775e+17
gen: 7 best:1.1318737714384474e+18
kid: [-3.74670207e-06 -4.56232883e-12 -2.34527504e-14 -6.38957550e-12
 -3.95155646e-10 -5.69139098e-16  2.72036181e-16  8.84793639e-05
 -7.35460151e-05 -4.51971893e-10 -7.87441972e-11] train error: 4.271362759493234e+17, validation error: 8.251002318305076e+17
kid: [-3.34209536e-06 -5.08085909e-12 -2.96132488e-13  1.78150889e-10
 -9.12334430e-11 -3.78694012e-16  3.36204137e-16  1.13650576e-04
 -5.96864744e-05  5.35776382e-09 -6.31113111e-11] train error: 2.706242597361681e+17, validation error: 5.216475104466305e+17
kid: [-4.39409399e-06 -4.70677220e-12 -7.00019560e-14  2.97572690e-11
 -2.04744313e-10 -8.15875102e-17  9.97048917e-17  2.23727393e-05
 -4.13560175e-05 -2.20408149e-08  1.63250966e-10] train error: 1.418857293315398e+17, validation error: 2.74873297410314e+17
kid: [-5.81447157e-06 -4.94946180e-12 -8.98843982e-14  1.82836514e-10
 -2.03592409e-10 -5.17542296e-17 -4.71691815e-16  2.27237856e-05
 -2.97950839e-05 -7.06597198e-09  2.66194259e-10] train error: 6.9156756128021096e+16, validation error: 1.337991058450005e+17
kid: [-5.33547241e-06 -3.20961925e-12 -7.26250566e-14  1.37905199e-12
 -2.10647203e-10 -1.60756630e-15 -1.46399025e-16 -4.05214651e-07
 -5.14515831e-05 -1.49776257e-08 -8.93778106e-11] train error: 2.2626787509766147e+17, validation error: 4.3816225356969344e+17
kid: [-1.58625918e-06 -3.41033055e-12 -7.29073256e-14  1.89601389e-12
 -2.89609589e-10 -5.03191769e-16  3.12017440e-17  1.08902057e-05
 -5.42532544e-05 -1.25156584e-08 -8.62972367e-11] train error: 2.474097985471924e+17, validation error: 4.7918802371003974e+17
kid: [-6.36206785e-06 -2.83748654e-12 -2.62151497e-13  4.61625810e-11
 -1.45675054e-10 -4.45363755e-16 -1.71870634e-16  3.81414180e-06
 -5.10113317e-05 -2.42614900e-08 -1.04045738e-10] train error: 2.2521430236917907e+17, validation error: 4.365334228523015e+17
kid: [-7.19608547e-06 -4.09040143e-12 -1.27905251e-13  1.51708105e-10
 -3.65713153e-10 -4.90221886e-16 -1.15223070e-16 -9.09812987e-07
 -4.23872477e-05 -2.58054444e-08 -1.16397362e-10] train error: 1.583999882859121e+17, validation error: 3.0708822548460544e+17
kid: [-3.55489949e-06 -2.52592082e-12 -7.82421302e-14 -3.26527227e-12
 -3.31612768e-11 -1.30879622e-15  7.59161805e-16  1.04741207e-04
 -7.69237905e-05 -5.73204419e-09 -6.15023383e-11] train error: 4.673268778702252e+17, validation error: 9.022990572506943e+17
kid: [-4.09020181e-06 -3.85048504e-12 -4.60180419e-14 -2.37659969e-11
 -4.25877225e-11 -5.91973850e-16  8.90438395e-17  2.24812101e-05
 -2.95748619e-05 -2.41286498e-08  2.35608647e-11] train error: 7.492794211485098e+16, validation error: 1.4501613574572413e+17
gen: 8 best:1.8207754637462666e+18
kid: [-3.55489949e-06 -3.07392475e-12 -1.45580065e-13 -3.26527227e-12
 -4.12964581e-10 -1.30879622e-15  6.58020092e-16  1.04741207e-04
 -4.64501638e-05 -5.73204419e-09 -6.15023383e-11] train error: 1.654067771296112e+17, validation error: 3.184454036497314e+17
kid: [-1.35999837e-06 -3.19022166e-12 -7.39561166e-14 -1.73154645e-12
 -2.89067317e-10 -1.30879622e-15  5.54621516e-16  4.69535158e-05
 -8.98621255e-05 -5.73204419e-09 -6.15023383e-11] train error: 6.585917911564641e+17, validation error: 1.27432166757138e+18
kid: [-3.96653637e-06 -3.61187321e-12 -7.32159425e-14  5.62298853e-12
 -2.66082707e-10 -4.84548488e-16  5.27038924e-16  1.19175937e-05
 -5.99250957e-05 -1.35269255e-08 -1.45945822e-10] train error: 3.02992268143962e+17, validation error: 5.868742284567506e+17
kid: [-3.08593536e-06 -3.64261857e-12 -7.23404096e-14 -2.82654717e-12
 -2.68569603e-10 -1.34624660e-15 -3.87880187e-17  1.57637135e-05
 -5.97207528e-05 -1.06398024e-08 -8.57869287e-11] train error: 2.9795477462508224e+17, validation error: 5.767207118857551e+17
kid: [-3.74670207e-06 -4.56232883e-12 -5.32533801e-15 -6.38957550e-12
 -3.95155646e-10 -3.47257467e-16  2.82227428e-16  8.84793639e-05
 -7.35460151e-05 -4.51971893e-10 -7.87441972e-11] train error: 4.269818467281184e+17, validation error: 8.248862491972904e+17
kid: [-3.46300657e-06 -4.79690115e-12 -2.20829525e-13  2.31859712e-10
 -5.16341584e-11 -1.32940814e-15  3.71606266e-16  1.02844646e-04
 -5.96215627e-05  4.48443752e-09 -6.27440504e-11] train error: 2.729280781658728e+17, validation error: 5.2607101619333395e+17
kid: [-8.47445473e-07 -5.05560444e-12 -3.76035485e-13  2.34768795e-10
 -2.16089700e-10 -3.05335696e-16  2.69397754e-16  2.17819808e-04
 -1.09799081e-04  3.70265489e-09 -6.36333428e-11] train error: 9.170708118361414e+17, validation error: 1.768411430516386e+18
kid: [-3.32375958e-06 -6.86202161e-12 -2.28016774e-13  4.04359591e-11
 -5.53861662e-11 -1.70727921e-15  3.56025322e-16  1.13584197e-04
 -5.97706944e-05  7.64752499e-09 -6.25761009e-11] train error: 2.7114594747328614e+17, validation error: 5.221991490150665e+17
Parents:
[[-3.55489949e-06 -2.52592082e-12 -7.82421302e-14 -3.26527227e-12
  -3.31612768e-11 -1.30879622e-15  7.59161805e-16  1.04741207e-04
  -7.69237905e-05 -5.73204419e-09 -6.15023383e-11]
 [-3.74670207e-06 -4.56232883e-12 -2.34527504e-14 -6.38957550e-12
  -3.95155646e-10 -5.69139098e-16  2.72036181e-16  8.84793639e-05
  -7.35460151e-05 -4.51971893e-10 -7.87441972e-11]
 [-3.26815625e-06 -5.53273711e-12 -1.37436741e-13  2.19287170e-10
  -2.01343280e-10 -1.67046002e-17 -1.62730707e-16  2.94188833e-05
  -5.86120931e-05 -2.23570054e-08 -1.21258297e-10]
 [-3.55489949e-06 -3.58896716e-12 -7.07975610e-14 -3.26527227e-12
  -3.18694710e-10 -1.30879622e-15  4.81254750e-16  1.04741207e-04
  -5.92375430e-05 -5.73204419e-09 -6.15023383e-11]
 [-3.34209536e-06 -5.08085909e-12 -2.96132488e-13  1.78150889e-10
  -9.12334430e-11 -3.78694012e-16  3.36204137e-16  1.13650576e-04
  -5.96864744e-05  5.35776382e-09 -6.31113111e-11]
 [-1.58625918e-06 -3.41033055e-12 -7.29073256e-14  1.89601389e-12
  -2.89609589e-10 -5.03191769e-16  3.12017440e-17  1.08902057e-05
  -5.42532544e-05 -1.25156584e-08 -8.62972367e-11]
 [-5.33547241e-06 -3.20961925e-12 -7.26250566e-14  1.37905199e-12
  -2.10647203e-10 -1.60756630e-15 -1.46399025e-16 -4.05214651e-07
  -5.14515831e-05 -1.49776257e-08 -8.93778106e-11]]
Children:
[[-8.47445473e-07 -5.05560444e-12 -3.76035485e-13  2.34768795e-10
  -2.16089700e-10 -3.05335696e-16  2.69397754e-16  2.17819808e-04
  -1.09799081e-04  3.70265489e-09 -6.36333428e-11]
 [-1.35999837e-06 -3.19022166e-12 -7.39561166e-14 -1.73154645e-12
  -2.89067317e-10 -1.30879622e-15  5.54621516e-16  4.69535158e-05
  -8.98621255e-05 -5.73204419e-09 -6.15023383e-11]
 [-3.74670207e-06 -4.56232883e-12 -5.32533801e-15 -6.38957550e-12
  -3.95155646e-10 -3.47257467e-16  2.82227428e-16  8.84793639e-05
  -7.35460151e-05 -4.51971893e-10 -7.87441972e-11]
 [-3.96653637e-06 -3.61187321e-12 -7.32159425e-14  5.62298853e-12
  -2.66082707e-10 -4.84548488e-16  5.27038924e-16  1.19175937e-05
  -5.99250957e-05 -1.35269255e-08 -1.45945822e-10]
 [-3.08593536e-06 -3.64261857e-12 -7.23404096e-14 -2.82654717e-12
  -2.68569603e-10 -1.34624660e-15 -3.87880187e-17  1.57637135e-05
  -5.97207528e-05 -1.06398024e-08 -8.57869287e-11]
 [-3.46300657e-06 -4.79690115e-12 -2.20829525e-13  2.31859712e-10
  -5.16341584e-11 -1.32940814e-15  3.71606266e-16  1.02844646e-04
  -5.96215627e-05  4.48443752e-09 -6.27440504e-11]
 [-3.32375958e-06 -6.86202161e-12 -2.28016774e-13  4.04359591e-11
  -5.53861662e-11 -1.70727921e-15  3.56025322e-16  1.13584197e-04
  -5.97706944e-05  7.64752499e-09 -6.25761009e-11]
 [-3.55489949e-06 -3.07392475e-12 -1.45580065e-13 -3.26527227e-12
  -4.12964581e-10 -1.30879622e-15  6.58020092e-16  1.04741207e-04
  -4.64501638e-05 -5.73204419e-09 -6.15023383e-11]]
Parent Fitness:
[1.82077546e+18 1.66478662e+18 1.13187377e+18 1.06427366e+18
 1.05309553e+18 9.66191834e+17 8.83511255e+17]
Children Fitness
[2.68548224e+18 1.93291346e+18 1.25186810e+18 8.89866497e+17
 8.74675487e+17 7.98999094e+17 7.93345096e+17 4.83852181e+17]
BEST !: [13510723304.19212, 368296592820.6967] [ 0.00000000e+00 -1.45799022e-12 -2.28980078e-13  4.62010753e-11
 -1.75214813e-10 -1.83669770e-15  8.52944060e-16  2.29423303e-05
 -2.04721003e-06 -1.59792834e-08  9.98214034e-10]
103
